11:37:49.802 ['tcp_csum:5455'] 0:00:00.021000
11:37:49.802 ['tcp_csum:a3d4'] 0:00:00
11:37:49.842 ['tcp_csum:ad93'] 0:00:00.040000
11:37:49.842 ['tcp_csum:30d8'] 0:00:00
11:37:49.842 ['tcp_csum:731e'] 0:00:00
11:37:49.842 ['tcp_csum:54dc'] 0:00:00
11:37:49.842 ['tcp_csum:833d'] 0:00:00
11:37:49.842 ['tcp_csum:f68e'] 0:00:00
11:37:49.842 ['tcp_csum:99e7'] 0:00:00
11:37:49.842 ['tcp_csum:ac6d'] 0:00:00
11:37:49.842 ['tcp_csum:e7'] 0:00:00
11:37:49.842 ['tcp_csum:fa3d'] 0:00:00
11:37:49.863 ['tcp_csum:87b'] 0:00:00.021000
11:37:49.863 ['tcp_csum:52e3'] 0:00:00
11:37:49.863 ['tcp_csum:25e7'] 0:00:00
11:37:49.863 ['tcp_csum:e7a1'] 0:00:00
11:37:49.864 ['tcp_csum:7562'] 0:00:00.001000
11:37:49.864 ['tcp_csum:879a'] 0:00:00
11:37:49.865 ['tcp_csum:ea9f'] 0:00:00.001000
11:37:49.865 ['tcp_csum:7977'] 0:00:00
11:37:49.866 ['tcp_csum:14b2'] 0:00:00.001000
11:37:49.866 ['tcp_csum:2029'] 0:00:00
11:37:49.867 ['tcp_csum:3cc4'] 0:00:00.001000
11:37:49.867 ['tcp_csum:cefe'] 0:00:00
11:37:49.868 ['tcp_csum:d1e8'] 0:00:00.001000
11:37:49.868 ['tcp_csum:6b51'] 0:00:00
11:37:49.870 ['tcp_csum:3ee7'] 0:00:00.002000
11:37:49.870 ['tcp_csum:42ca'] 0:00:00
11:37:49.871 ['tcp_csum:71ab'] 0:00:00.001000
11:37:49.871 ['tcp_csum:2d9e'] 0:00:00
11:37:49.872 ['tcp_csum:da73'] 0:00:00.001000
11:37:49.872 ['tcp_csum:40c6'] 0:00:00
11:37:49.883 ['tcp_csum:57c7'] 0:00:00.011000
11:37:49.883 ['tcp_csum:41c2'] 0:00:00
11:37:49.883 ['tcp_csum:1867'] 0:00:00
11:37:49.883 ['tcp_csum:9bef'] 0:00:00
11:37:49.884 ['tcp_csum:aa51'] 0:00:00.001000
11:37:49.884 ['tcp_csum:cd7c'] 0:00:00
11:37:49.886 ['tcp_csum:c76'] 0:00:00.002000
11:37:49.886 ['tcp_csum:d613'] 0:00:00
11:37:49.887 ['tcp_csum:d6de'] 0:00:00.001000
11:37:49.887 ['tcp_csum:cc2b'] 0:00:00
11:37:49.888 ['tcp_csum:cae2'] 0:00:00.001000
11:37:49.888 ['tcp_csum:4e27'] 0:00:00
11:37:49.889 ['tcp_csum:906b'] 0:00:00.001000
11:37:49.889 ['tcp_csum:7229'] 0:00:00
11:37:49.890 ['tcp_csum:a088'] 0:00:00.001000
11:37:49.890 ['tcp_csum:13da'] 0:00:00
11:37:49.892 ['tcp_csum:b730'] 0:00:00.002000
11:37:49.892 ['tcp_csum:c9b6'] 0:00:00
11:37:49.893 ['tcp_csum:1e2d'] 0:00:00.001000
11:37:49.893 ['tcp_csum:1784'] 0:00:00
11:37:49.894 ['tcp_csum:2602'] 0:00:00.001000
11:37:49.894 ['tcp_csum:7062'] 0:00:00
11:37:49.895 ['tcp_csum:4364'] 0:00:00.001000
11:37:49.895 ['tcp_csum:517'] 0:00:00
11:37:49.896 ['tcp_csum:7ba2'] 0:00:00.001000
11:37:49.896 ['tcp_csum:fee6'] 0:00:00
11:37:49.897 ['tcp_csum:412b'] 0:00:00.001000
11:37:49.897 ['tcp_csum:22e9'] 0:00:00
11:37:49.899 ['tcp_csum:5147'] 0:00:00.002000
11:37:49.899 ['tcp_csum:c498'] 0:00:00
11:37:49.900 ['tcp_csum:67ee'] 0:00:00.001000
11:37:49.900 ['tcp_csum:7a74'] 0:00:00
11:37:49.901 ['tcp_csum:ceeb'] 0:00:00.001000
11:37:49.901 ['tcp_csum:c842'] 0:00:00
11:37:49.902 ['tcp_csum:d6c1'] 0:00:00.001000
11:37:49.902 ['tcp_csum:2122'] 0:00:00
11:37:49.903 ['tcp_csum:f423'] 0:00:00.001000
11:37:49.903 ['tcp_csum:b5de'] 0:00:00
11:37:49.905 ['tcp_csum:439f'] 0:00:00.002000
11:37:49.905 ['tcp_csum:55d7'] 0:00:00
11:37:49.906 ['tcp_csum:b8dc'] 0:00:00.001000
11:37:49.906 ['tcp_csum:47b4'] 0:00:00
11:37:49.907 ['tcp_csum:e2ee'] 0:00:00.001000
11:37:49.907 ['tcp_csum:ee65'] 0:00:00
11:37:49.908 ['tcp_csum:b01'] 0:00:00.001000
11:37:49.908 ['tcp_csum:9d43'] 0:00:00
11:37:49.909 ['tcp_csum:a025'] 0:00:00.001000
11:37:49.909 ['tcp_csum:398e'] 0:00:00
11:37:49.911 ['tcp_csum:d23'] 0:00:00.002000
11:37:49.911 ['tcp_csum:1106'] 0:00:00
11:37:49.912 ['tcp_csum:3fe8'] 0:00:00.001000
11:37:49.912 ['tcp_csum:fbda'] 0:00:00
11:37:49.913 ['tcp_csum:a8b0'] 0:00:00.001000
11:37:49.913 ['tcp_csum:f03'] 0:00:00
11:37:49.914 ['tcp_csum:2618'] 0:00:00.001000
11:37:49.914 ['tcp_csum:1013'] 0:00:00
11:37:49.916 ['tcp_csum:e6bd'] 0:00:00.002000
11:37:49.916 ['tcp_csum:6a35'] 0:00:00
11:37:49.917 ['tcp_csum:7896'] 0:00:00.001000
11:37:49.917 ['tcp_csum:b57f'] 0:00:00
11:37:49.918 ['tcp_csum:38c2'] 0:00:00.001000
11:37:49.918 ['tcp_csum:7b08'] 0:00:00
11:37:49.919 ['tcp_csum:5cc4'] 0:00:00.001000
11:37:49.919 ['tcp_csum:8b25'] 0:00:00
11:37:49.921 ['tcp_csum:fe74'] 0:00:00.002000
11:37:49.921 ['tcp_csum:a1cd'] 0:00:00
11:37:49.922 ['tcp_csum:b450'] 0:00:00.001000
11:37:49.922 ['tcp_csum:8ca'] 0:00:00
11:37:49.923 ['tcp_csum:21e'] 0:00:00.001000
11:37:49.923 ['tcp_csum:109f'] 0:00:00
11:37:49.924 ['tcp_csum:5afd'] 0:00:00.001000
11:37:49.924 ['tcp_csum:2e01'] 0:00:00
11:37:49.925 ['tcp_csum:efb9'] 0:00:00.001000
11:37:49.925 ['tcp_csum:7d7d'] 0:00:00
11:37:49.926 ['tcp_csum:8fb3'] 0:00:00.001000
11:37:49.926 ['tcp_csum:f2bb'] 0:00:00
11:37:49.928 ['tcp_csum:8190'] 0:00:00.002000
11:37:49.928 ['tcp_csum:1ccd'] 0:00:00
11:37:49.929 ['tcp_csum:2841'] 0:00:00.001000
11:37:49.929 ['tcp_csum:44de'] 0:00:00
11:37:49.930 ['tcp_csum:d71e'] 0:00:00.001000
11:37:49.930 ['tcp_csum:da02'] 0:00:00
11:37:49.931 ['tcp_csum:7369'] 0:00:00.001000
11:37:49.931 ['tcp_csum:4702'] 0:00:00
11:37:49.933 ['tcp_csum:4ae3'] 0:00:00.002000
11:37:49.933 ['tcp_csum:79c7'] 0:00:00
11:37:49.934 ['tcp_csum:35b7'] 0:00:00.001000
11:37:49.934 ['tcp_csum:e28e'] 0:00:00
11:37:49.935 ['tcp_csum:48de'] 0:00:00.001000
11:37:49.935 ['tcp_csum:5ff5'] 0:00:00
11:37:49.936 ['tcp_csum:49ee'] 0:00:00.001000
11:37:49.936 ['tcp_csum:209b'] 0:00:00
11:37:49.937 ['tcp_csum:a419'] 0:00:00.001000
11:37:49.937 ['tcp_csum:b27d'] 0:00:00
11:37:49.938 ['tcp_csum:d5a6'] 0:00:00.001000
11:37:49.938 ['tcp_csum:14a2'] 0:00:00
11:37:49.940 ['tcp_csum:de3b'] 0:00:00.002000
11:37:49.940 ['tcp_csum:df09'] 0:00:00
11:37:49.941 ['tcp_csum:d45c'] 0:00:00.001000
11:37:49.941 ['tcp_csum:549'] 0:00:00
11:37:49.942 ['tcp_csum:c68'] 0:00:00.001000
11:37:49.942 ['tcp_csum:3fd1'] 0:00:00
11:37:49.944 ['tcp_csum:8d12'] 0:00:00.002000
11:37:49.944 ['tcp_csum:66a9'] 0:00:00
11:37:49.944 ['tcp_csum:bec3'] 0:00:00
11:37:49.944 ['tcp_csum:d2c4'] 0:00:00
11:37:49.946 ['tcp_csum:dfa'] 0:00:00.002000
11:37:49.946 ['tcp_csum:feed'] 0:00:00
11:37:49.947 ['tcp_csum:a98a'] 0:00:00.001000
11:37:49.947 ['tcp_csum:38a2'] 0:00:00
11:37:49.948 ['tcp_csum:94c8'] 0:00:00.001000
11:37:49.948 ['tcp_csum:180d'] 0:00:00
11:37:49.950 ['tcp_csum:5a51'] 0:00:00.002000
11:37:49.950 ['tcp_csum:3c0f'] 0:00:00
11:37:49.951 ['tcp_csum:6a6d'] 0:00:00.001000
11:37:49.951 ['tcp_csum:ddbe'] 0:00:00
11:37:49.952 ['tcp_csum:8114'] 0:00:00.001000
11:37:49.952 ['tcp_csum:939a'] 0:00:00
11:37:49.953 ['tcp_csum:e811'] 0:00:00.001000
11:37:49.953 ['tcp_csum:e168'] 0:00:00
11:37:49.954 ['tcp_csum:efe7'] 0:00:00.001000
11:37:49.954 ['tcp_csum:3a48'] 0:00:00
11:37:49.955 ['tcp_csum:d4a'] 0:00:00.001000
11:37:49.955 ['tcp_csum:cf04'] 0:00:00
11:37:49.957 ['tcp_csum:6efc'] 0:00:00.002000
11:37:49.958 ['tcp_csum:d202'] 0:00:00.001000
11:37:49.958 ['tcp_csum:60da'] 0:00:00
11:37:49.959 ['tcp_csum:fc14'] 0:00:00.001000
11:37:49.959 ['tcp_csum:78c'] 0:00:00
11:37:49.960 ['tcp_csum:2427'] 0:00:00.001000
11:37:49.960 ['tcp_csum:b669'] 0:00:00
11:37:49.962 ['tcp_csum:b94a'] 0:00:00.002000
11:37:49.962 ['tcp_csum:52b3'] 0:00:00
11:37:49.963 ['tcp_csum:2649'] 0:00:00.001000
11:37:49.963 ['tcp_csum:2a2c'] 0:00:00
11:37:49.964 ['tcp_csum:590e'] 0:00:00.001000
11:37:49.964 ['tcp_csum:1501'] 0:00:00
11:37:49.965 ['tcp_csum:c1d6'] 0:00:00.001000
11:37:49.965 ['tcp_csum:2829'] 0:00:00
11:37:49.967 ['tcp_csum:3f3e'] 0:00:00.002000
11:37:49.967 ['tcp_csum:2939'] 0:00:00
11:37:49.968 ['tcp_csum:ffe2'] 0:00:00.001000
11:37:49.968 ['tcp_csum:8363'] 0:00:00
11:37:49.969 ['tcp_csum:91c4'] 0:00:00.001000
11:37:49.969 ['tcp_csum:b4ef'] 0:00:00
11:37:49.970 ['tcp_csum:f3e8'] 0:00:00.001000
11:37:49.970 ['tcp_csum:bd86'] 0:00:00
11:37:49.971 ['tcp_csum:be52'] 0:00:00.001000
11:37:49.971 ['tcp_csum:b3a7'] 0:00:00
11:37:49.972 ['tcp_csum:e491'] 0:00:00.001000
11:37:49.972 ['tcp_csum:ebb2'] 0:00:00
11:37:49.974 ['tcp_csum:1f19'] 0:00:00.002000
11:37:49.974 ['tcp_csum:6c5c'] 0:00:00
11:37:49.975 ['tcp_csum:45f0'] 0:00:00.001000
11:37:49.975 ['tcp_csum:9e0c'] 0:00:00
11:37:49.976 ['tcp_csum:b20b'] 0:00:00.001000
11:37:49.976 ['tcp_csum:ed44'] 0:00:00
11:37:49.977 ['tcp_csum:de36'] 0:00:00.001000
11:37:49.977 ['tcp_csum:88d5'] 0:00:00
11:37:49.978 ['tcp_csum:17f3'] 0:00:00.001000
11:37:49.978 ['tcp_csum:901'] 0:00:00
11:37:49.980 ['tcp_csum:fb89'] 0:00:00.002000
11:37:49.980 ['tcp_csum:262'] 0:00:00
11:37:49.981 ['tcp_csum:c85d'] 0:00:00.001000
11:37:49.981 ['tcp_csum:4651'] 0:00:00
11:37:49.982 ['tcp_csum:be45'] 0:00:00.001000
11:37:49.982 ['tcp_csum:1092'] 0:00:00
11:37:49.983 ['tcp_csum:1d11'] 0:00:00.001000
11:37:49.983 ['tcp_csum:2c8'] 0:00:00
11:37:49.984 ['tcp_csum:497e'] 0:00:00.001000
11:37:49.984 ['tcp_csum:d7ca'] 0:00:00
11:37:49.986 ['tcp_csum:7f75'] 0:00:00.002000
11:37:49.986 ['tcp_csum:2a3'] 0:00:00
11:37:49.987 ['tcp_csum:770d'] 0:00:00.001000
11:37:49.988 ['tcp_csum:ecf6'] 0:00:00.001000
11:37:49.988 ['tcp_csum:223b'] 0:00:00
11:37:49.989 ['tcp_csum:8b71'] 0:00:00.001000
11:37:49.989 ['tcp_csum:b2f'] 0:00:00
11:37:49.991 ['tcp_csum:81e8'] 0:00:00.002000
11:37:49.991 ['tcp_csum:657a'] 0:00:00
11:37:49.992 ['tcp_csum:c9ca'] 0:00:00.001000
11:37:49.992 ['tcp_csum:18fa'] 0:00:00
11:37:49.993 ['tcp_csum:9cef'] 0:00:00.001000
11:37:49.993 ['tcp_csum:a5a0'] 0:00:00
11:37:49.994 ['tcp_csum:a9db'] 0:00:00.001000
11:37:49.994 ['tcp_csum:9015'] 0:00:00
11:37:49.996 ['tcp_csum:db37'] 0:00:00.002000
11:37:49.996 ['tcp_csum:5e7c'] 0:00:00
11:37:49.997 ['tcp_csum:a0c0'] 0:00:00.001000
11:37:49.997 ['tcp_csum:827e'] 0:00:00
11:37:49.998 ['tcp_csum:b0dc'] 0:00:00.001000
11:37:49.998 ['tcp_csum:242e'] 0:00:00
11:37:49.999 ['tcp_csum:c784'] 0:00:00.001000
11:37:50.000 ['tcp_csum:1c3c'] 0:00:00.001000
11:37:50.003 ['tcp_csum:444b'] 0:00:00.003000
11:37:50.005 ['tcp_csum:d96c'] 0:00:00.002000
11:37:50.007 ['tcp_csum:466a'] 0:00:00.002000
11:37:50.010 ['tcp_csum:792b'] 0:00:00.003000
11:37:50.012 ['tcp_csum:e1f1'] 0:00:00.002000
11:37:50.015 ['tcp_csum:5f55'] 0:00:00.003000
11:37:50.017 ['tcp_csum:1ff9'] 0:00:00.002000
11:37:50.020 ['tcp_csum:b1d7'] 0:00:00.003000
11:37:50.022 ['tcp_csum:13fa'] 0:00:00.002000
11:37:50.025 ['tcp_csum:de60'] 0:00:00.003000
11:37:50.027 ['tcp_csum:49d'] 0:00:00.002000
11:37:50.029 ['tcp_csum:3f23'] 0:00:00.002000
11:37:50.032 ['tcp_csum:65f7'] 0:00:00.003000
11:37:50.034 ['tcp_csum:d210'] 0:00:00.002000
11:37:50.037 ['tcp_csum:fe37'] 0:00:00.003000
11:37:50.039 ['tcp_csum:37ea'] 0:00:00.002000
11:37:50.041 ['tcp_csum:1753'] 0:00:00.002000
11:37:50.044 ['tcp_csum:3b51'] 0:00:00.003000
11:37:50.047 ['tcp_csum:dcfd'] 0:00:00.003000
11:37:50.047 ['tcp_csum:92dc'] 0:00:00
11:37:50.049 ['tcp_csum:e0a8'] 0:00:00.002000
11:37:50.049 ['tcp_csum:398a'] 0:00:00
11:37:50.050 ['tcp_csum:ce46'] 0:00:00.001000
11:37:50.050 ['tcp_csum:6e42'] 0:00:00
11:37:50.051 ['tcp_csum:6020'] 0:00:00.001000
11:37:50.051 ['tcp_csum:6d4'] 0:00:00
11:37:50.053 ['tcp_csum:b5b1'] 0:00:00.002000
11:37:50.053 ['tcp_csum:51fe'] 0:00:00
11:37:50.054 ['tcp_csum:2977'] 0:00:00.001000
11:37:50.054 ['tcp_csum:144e'] 0:00:00
11:37:50.055 ['tcp_csum:2775'] 0:00:00.001000
11:37:50.055 ['tcp_csum:2887'] 0:00:00
11:37:50.056 ['tcp_csum:82b2'] 0:00:00.001000
11:37:50.056 ['tcp_csum:b441'] 0:00:00
11:37:50.057 ['tcp_csum:bcd8'] 0:00:00.001000
11:37:50.057 ['tcp_csum:b2fb'] 0:00:00
11:37:50.059 ['tcp_csum:eb06'] 0:00:00.002000
11:37:50.059 ['tcp_csum:6bb3'] 0:00:00
11:37:50.060 ['tcp_csum:9d63'] 0:00:00.001000
11:37:50.060 ['tcp_csum:ec9d'] 0:00:00
11:37:50.061 ['tcp_csum:882d'] 0:00:00.001000
11:37:50.061 ['tcp_csum:85b'] 0:00:00
11:37:50.062 ['tcp_csum:1bd'] 0:00:00.001000
11:37:50.062 ['tcp_csum:45af'] 0:00:00
11:37:50.063 ['tcp_csum:ff0'] 0:00:00.001000
11:37:50.063 ['tcp_csum:228'] 0:00:00
11:37:50.064 ['tcp_csum:d72a'] 0:00:00.001000
11:37:50.064 ['tcp_csum:207'] 0:00:00
11:37:50.066 ['tcp_csum:79d7'] 0:00:00.002000
11:37:50.066 ['tcp_csum:21a0'] 0:00:00
11:37:50.067 ['tcp_csum:a93'] 0:00:00.001000
11:37:50.067 ['tcp_csum:64e0'] 0:00:00
11:37:50.068 ['tcp_csum:1862'] 0:00:00.001000
11:37:50.068 ['tcp_csum:a50a'] 0:00:00
11:37:50.069 ['tcp_csum:8f7f'] 0:00:00.001000
11:37:50.069 ['tcp_csum:5de9'] 0:00:00
11:37:50.070 ['tcp_csum:81eb'] 0:00:00.001000
11:37:50.072 ['tcp_csum:d978'] 0:00:00.002000
11:37:50.073 ['tcp_csum:2df0'] 0:00:00.001000
11:37:50.074 ['tcp_csum:2745'] 0:00:00.001000
11:37:50.075 ['tcp_csum:35c4'] 0:00:00.001000
11:37:50.076 ['tcp_csum:8022'] 0:00:00.001000
11:37:50.078 ['tcp_csum:5322'] 0:00:00.002000
11:37:50.079 ['tcp_csum:14db'] 0:00:00.001000
11:37:50.080 ['tcp_csum:a29c'] 0:00:00.001000
11:37:50.081 ['tcp_csum:b4d2'] 0:00:00.001000
11:37:50.083 ['tcp_csum:17d7'] 0:00:00.002000
11:37:50.084 ['tcp_csum:a6ac'] 0:00:00.001000
11:37:50.085 ['tcp_csum:41e7'] 0:00:00.001000
11:37:50.086 ['tcp_csum:4d5c'] 0:00:00.001000
11:37:50.087 ['tcp_csum:69f7'] 0:00:00.001000
11:37:50.089 ['tcp_csum:fc35'] 0:00:00.002000
11:37:50.090 ['tcp_csum:ff17'] 0:00:00.001000
11:37:50.091 ['tcp_csum:987e'] 0:00:00.001000
11:37:50.092 ['tcp_csum:6c15'] 0:00:00.001000
11:37:50.093 ['tcp_csum:6ff6'] 0:00:00.001000
11:37:50.095 ['tcp_csum:9ed6'] 0:00:00.002000
11:37:50.096 ['tcp_csum:5ac7'] 0:00:00.001000
11:37:50.097 ['tcp_csum:79d'] 0:00:00.001000
11:37:50.098 ['tcp_csum:6ded'] 0:00:00.001000
11:37:50.100 ['tcp_csum:8501'] 0:00:00.002000
11:37:50.101 ['tcp_csum:6ef9'] 0:00:00.001000
11:37:50.102 ['tcp_csum:45a4'] 0:00:00.001000
11:37:50.103 ['tcp_csum:c922'] 0:00:00.001000
11:37:50.104 ['tcp_csum:d784'] 0:00:00.001000
11:37:50.106 ['tcp_csum:faac'] 0:00:00.002000
11:37:50.107 ['tcp_csum:39a5'] 0:00:00.001000
11:37:50.108 ['tcp_csum:341'] 0:00:00.001000
11:37:50.109 ['tcp_csum:40d'] 0:00:00.001000
11:37:50.110 ['tcp_csum:f95f'] 0:00:00.001000
11:37:50.112 ['tcp_csum:2a48'] 0:00:00.002000
11:37:50.113 ['tcp_csum:3167'] 0:00:00.001000
11:37:50.114 ['tcp_csum:64ce'] 0:00:00.001000
11:37:50.115 ['tcp_csum:b20f'] 0:00:00.001000
11:37:50.116 ['tcp_csum:8ba3'] 0:00:00.001000
11:37:50.118 ['tcp_csum:e3bc'] 0:00:00.002000
11:37:50.119 ['tcp_csum:f7bb'] 0:00:00.001000
11:37:50.120 ['tcp_csum:32f3'] 0:00:00.001000
11:37:50.121 ['tcp_csum:23e5'] 0:00:00.001000
11:37:50.123 ['tcp_csum:ce80'] 0:00:00.002000
11:37:50.124 ['tcp_csum:5d9d'] 0:00:00.001000
11:37:50.125 ['tcp_csum:4ea9'] 0:00:00.001000
11:37:50.126 ['tcp_csum:4133'] 0:00:00.001000
11:37:50.127 ['tcp_csum:4809'] 0:00:00.001000
11:37:50.129 ['tcp_csum:e05'] 0:00:00.002000
11:37:50.130 ['tcp_csum:8bf5'] 0:00:00.001000
11:37:50.131 ['tcp_csum:3ea'] 0:00:00.001000
11:37:50.132 ['tcp_csum:5634'] 0:00:00.001000
11:37:50.133 ['tcp_csum:62b3'] 0:00:00.001000
11:37:50.135 ['tcp_csum:4866'] 0:00:00.002000
11:37:50.136 ['tcp_csum:8f1c'] 0:00:00.001000
11:37:50.137 ['tcp_csum:1d67'] 0:00:00.001000
11:37:50.138 ['tcp_csum:c513'] 0:00:00.001000
11:37:50.140 ['tcp_csum:483e'] 0:00:00.002000
11:37:50.141 ['tcp_csum:bca7'] 0:00:00.001000
11:37:50.142 ['tcp_csum:230e'] 0:00:00.001000
11:37:50.142 ['tcp_csum:c00c'] 0:00:00
11:37:50.143 ['tcp_csum:328f'] 0:00:00.001000
11:37:50.144 ['tcp_csum:67d1'] 0:00:00.001000
11:37:50.146 ['tcp_csum:d106'] 0:00:00.002000
11:37:50.147 ['tcp_csum:50c1'] 0:00:00.001000
11:37:50.148 ['tcp_csum:c77a'] 0:00:00.001000
11:37:50.149 ['tcp_csum:ab0a'] 0:00:00.001000
11:37:50.150 ['tcp_csum:f5d'] 0:00:00.001000
11:37:50.152 ['tcp_csum:5e88'] 0:00:00.002000
11:37:50.153 ['tcp_csum:e27d'] 0:00:00.001000
11:37:50.154 ['tcp_csum:eb2c'] 0:00:00.001000
11:37:50.155 ['tcp_csum:ef6f'] 0:00:00.001000
11:37:50.156 ['tcp_csum:d5a7'] 0:00:00.001000
11:37:50.158 ['tcp_csum:a8bb'] 0:00:00.002000
11:37:50.159 ['tcp_csum:4d19'] 0:00:00.001000
11:37:50.160 ['tcp_csum:1780'] 0:00:00.001000
11:37:50.161 ['tcp_csum:d508'] 0:00:00.001000
11:37:50.163 ['tcp_csum:e2a9'] 0:00:00.002000
11:37:50.164 ['tcp_csum:d303'] 0:00:00.001000
11:37:50.165 ['tcp_csum:7d76'] 0:00:00.001000
11:37:50.166 ['tcp_csum:165f'] 0:00:00.001000
11:37:50.167 ['tcp_csum:6d12'] 0:00:00.001000
11:37:50.169 ['tcp_csum:7e59'] 0:00:00.002000
11:37:50.170 ['tcp_csum:88ec'] 0:00:00.001000
11:37:50.171 ['tcp_csum:d5c3'] 0:00:00.001000
11:37:50.172 ['tcp_csum:e671'] 0:00:00.001000
11:37:50.173 ['tcp_csum:c184'] 0:00:00.001000
11:37:50.175 ['tcp_csum:509f'] 0:00:00.002000
11:37:50.176 ['tcp_csum:8132'] 0:00:00.001000
11:37:50.177 ['tcp_csum:2945'] 0:00:00.001000
11:37:50.178 ['tcp_csum:cd90'] 0:00:00.001000
11:37:50.179 ['tcp_csum:9f4b'] 0:00:00.001000
11:37:50.181 ['tcp_csum:63ff'] 0:00:00.002000
11:37:50.182 ['tcp_csum:8dde'] 0:00:00.001000
11:37:50.183 ['tcp_csum:b46a'] 0:00:00.001000
11:37:50.184 ['tcp_csum:b41b'] 0:00:00.001000
11:37:50.186 ['tcp_csum:d612'] 0:00:00.002000
11:37:50.187 ['tcp_csum:1ab5'] 0:00:00.001000
11:37:50.188 ['tcp_csum:e342'] 0:00:00.001000
11:37:50.189 ['tcp_csum:8811'] 0:00:00.001000
11:37:50.190 ['tcp_csum:aa01'] 0:00:00.001000
11:37:50.192 ['tcp_csum:fad9'] 0:00:00.002000
11:37:50.193 ['tcp_csum:3ef7'] 0:00:00.001000
11:37:50.194 ['tcp_csum:42ce'] 0:00:00.001000
11:37:50.195 ['tcp_csum:cf47'] 0:00:00.001000
11:37:50.196 ['tcp_csum:419f'] 0:00:00.001000
11:37:50.198 ['tcp_csum:ec9'] 0:00:00.002000
11:37:50.199 ['tcp_csum:106b'] 0:00:00.001000
11:37:50.200 ['tcp_csum:13f2'] 0:00:00.001000
11:37:50.202 ['tcp_csum:73ce'] 0:00:00.002000
11:37:50.202 ['tcp_csum:5589'] 0:00:00
11:37:50.204 ['tcp_csum:ce6d'] 0:00:00.002000
11:37:50.205 ['tcp_csum:43ca'] 0:00:00.001000
11:37:50.206 ['tcp_csum:c70c'] 0:00:00.001000
11:37:50.207 ['tcp_csum:951'] 0:00:00.001000
11:37:50.209 ['tcp_csum:eb0b'] 0:00:00.002000
11:37:50.210 ['tcp_csum:196a'] 0:00:00.001000
11:37:50.211 ['tcp_csum:8cb9'] 0:00:00.001000
11:37:50.212 ['tcp_csum:3010'] 0:00:00.001000
11:37:50.212 ['tcp_csum:4296'] 0:00:00
11:37:50.213 ['tcp_csum:970d'] 0:00:00.001000
11:37:50.215 ['tcp_csum:9060'] 0:00:00.002000
11:37:50.216 ['tcp_csum:9edf'] 0:00:00.001000
11:37:50.217 ['tcp_csum:e93d'] 0:00:00.001000
11:37:50.218 ['tcp_csum:bc3f'] 0:00:00.001000
11:37:50.219 ['tcp_csum:7df8'] 0:00:00.001000
11:37:50.221 ['tcp_csum:bb8'] 0:00:00.002000
11:37:50.222 ['tcp_csum:1dee'] 0:00:00.001000
11:37:50.223 ['tcp_csum:80f4'] 0:00:00.001000
11:37:50.224 ['tcp_csum:fca'] 0:00:00.001000
11:37:50.225 ['tcp_csum:ab04'] 0:00:00.001000
11:37:50.227 ['tcp_csum:b677'] 0:00:00.002000
11:37:50.228 ['tcp_csum:d312'] 0:00:00.001000
11:37:50.229 ['tcp_csum:6553'] 0:00:00.001000
11:37:50.230 ['tcp_csum:6835'] 0:00:00.001000
11:37:50.231 ['tcp_csum:19b'] 0:00:00.001000
11:37:50.233 ['tcp_csum:d530'] 0:00:00.002000
11:37:50.234 ['tcp_csum:d911'] 0:00:00.001000
11:37:50.235 ['tcp_csum:7f4'] 0:00:00.001000
11:37:50.236 ['tcp_csum:c3e4'] 0:00:00.001000
11:37:50.238 ['tcp_csum:70b9'] 0:00:00.002000
11:37:50.239 ['tcp_csum:d708'] 0:00:00.001000
11:37:50.240 ['tcp_csum:ee1d'] 0:00:00.001000
11:37:50.241 ['tcp_csum:d816'] 0:00:00.001000
11:37:50.242 ['tcp_csum:aec1'] 0:00:00.001000
11:37:50.245 ['tcp_csum:323e'] 0:00:00.003000
11:37:50.245 ['tcp_csum:40a0'] 0:00:00
11:37:50.246 ['tcp_csum:63c9'] 0:00:00.001000
11:37:50.247 ['tcp_csum:a2c2'] 0:00:00.001000
11:37:50.249 ['tcp_csum:6c5d'] 0:00:00.002000
11:37:50.250 ['tcp_csum:6d28'] 0:00:00.001000
11:37:50.251 ['tcp_csum:627b'] 0:00:00.001000
11:37:50.255 ['tcp_csum:9365'] 0:00:00.004000
11:37:50.255 ['tcp_csum:9a84'] 0:00:00
11:37:50.255 ['tcp_csum:cdea'] 0:00:00
11:37:50.256 ['tcp_csum:1b2b'] 0:00:00.001000
11:37:50.257 ['tcp_csum:f4bf'] 0:00:00.001000
11:37:50.258 ['tcp_csum:4cda'] 0:00:00.001000
11:37:50.260 ['tcp_csum:60d9'] 0:00:00.002000
11:37:50.261 ['tcp_csum:9c0e'] 0:00:00.001000
11:37:50.262 ['tcp_csum:8d00'] 0:00:00.001000
11:37:50.263 ['tcp_csum:379d'] 0:00:00.001000
11:37:50.264 ['tcp_csum:c6ba'] 0:00:00.001000
11:37:50.266 ['tcp_csum:b7c6'] 0:00:00.002000
11:37:50.267 ['tcp_csum:aa4e'] 0:00:00.001000
11:37:50.268 ['tcp_csum:b124'] 0:00:00.001000
11:37:50.269 ['tcp_csum:7721'] 0:00:00.001000
11:37:50.271 ['tcp_csum:f512'] 0:00:00.002000
11:37:50.272 ['tcp_csum:6d06'] 0:00:00.001000
11:37:50.273 ['tcp_csum:bf4f'] 0:00:00.001000
11:37:50.275 ['tcp_csum:cbce'] 0:00:00.002000
11:37:50.275 ['tcp_csum:b183'] 0:00:00
11:37:50.277 ['tcp_csum:f839'] 0:00:00.002000
11:37:50.278 ['tcp_csum:8683'] 0:00:00.001000
11:37:50.279 ['tcp_csum:2e2f'] 0:00:00.001000
11:37:50.280 ['tcp_csum:b15a'] 0:00:00.001000
11:37:50.281 ['tcp_csum:25c5'] 0:00:00.001000
11:37:50.283 ['tcp_csum:292a'] 0:00:00.002000
11:37:50.284 ['tcp_csum:9baa'] 0:00:00.001000
11:37:50.285 ['tcp_csum:d0ec'] 0:00:00.001000
11:37:50.286 ['tcp_csum:4202'] 0:00:00.001000
11:37:50.289 ['tcp_csum:3a1f'] 0:00:00.003000
11:37:50.291 ['tcp_csum:b9d6'] 0:00:00.002000
11:37:50.294 ['tcp_csum:308e'] 0:00:00.003000
11:37:50.296 ['tcp_csum:141a'] 0:00:00.002000
11:37:50.298 ['tcp_csum:786a'] 0:00:00.002000
11:37:50.301 ['tcp_csum:c794'] 0:00:00.003000
11:37:50.303 ['tcp_csum:4b87'] 0:00:00.002000
11:37:50.306 ['tcp_csum:5434'] 0:00:00.003000
11:37:50.308 ['tcp_csum:5873'] 0:00:00.002000
11:37:50.310 ['tcp_csum:3ea1'] 0:00:00.002000
11:37:50.313 ['tcp_csum:89c0'] 0:00:00.003000
11:37:50.315 ['tcp_csum:d01'] 0:00:00.002000
11:37:50.318 ['tcp_csum:4f42'] 0:00:00.003000
11:37:50.320 ['tcp_csum:30fb'] 0:00:00.002000
11:37:50.323 ['tcp_csum:5f58'] 0:00:00.003000
11:37:50.325 ['tcp_csum:d2a3'] 0:00:00.002000
11:37:50.327 ['tcp_csum:75f8'] 0:00:00.002000
11:37:50.330 ['tcp_csum:8878'] 0:00:00.003000
11:37:50.332 ['tcp_csum:dced'] 0:00:00.002000
11:37:50.335 ['tcp_csum:d63f'] 0:00:00.003000
11:37:50.337 ['tcp_csum:e4bb'] 0:00:00.002000
11:37:50.339 ['tcp_csum:2f18'] 0:00:00.002000
11:37:50.342 ['tcp_csum:216'] 0:00:00.003000
11:37:50.344 ['tcp_csum:c3cc'] 0:00:00.002000
11:37:50.347 ['tcp_csum:518a'] 0:00:00.003000
11:37:50.349 ['tcp_csum:63be'] 0:00:00.002000
11:37:50.352 ['tcp_csum:c6c1'] 0:00:00.003000
11:37:50.355 ['tcp_csum:5592'] 0:00:00.003000
11:37:50.356 ['tcp_csum:f0cc'] 0:00:00.001000
11:37:50.358 ['tcp_csum:fc40'] 0:00:00.002000
11:37:50.358 ['tcp_csum:18de'] 0:00:00
11:37:50.359 ['tcp_csum:ab1d'] 0:00:00.001000
11:37:50.360 ['tcp_csum:adff'] 0:00:00.001000
11:37:50.361 ['tcp_csum:4766'] 0:00:00.001000
11:37:50.363 ['tcp_csum:1afd'] 0:00:00.002000
11:37:50.364 ['tcp_csum:1edc'] 0:00:00.001000
11:37:50.365 ['tcp_csum:4dbe'] 0:00:00.001000
11:37:50.366 ['tcp_csum:9af'] 0:00:00.001000
11:37:50.367 ['tcp_csum:b684'] 0:00:00.001000
11:37:50.368 ['tcp_csum:1cd5'] 0:00:00.001000
11:37:50.370 ['tcp_csum:33e8'] 0:00:00.002000
11:37:50.371 ['tcp_csum:1de1'] 0:00:00.001000
11:37:50.372 ['tcp_csum:f48b'] 0:00:00.001000
11:37:50.373 ['tcp_csum:780a'] 0:00:00.001000
11:37:50.374 ['tcp_csum:866c'] 0:00:00.001000
11:37:50.376 ['tcp_csum:a993'] 0:00:00.002000
11:37:50.377 ['tcp_csum:e88c'] 0:00:00.001000
11:37:50.378 ['tcp_csum:b228'] 0:00:00.001000
11:37:50.379 ['tcp_csum:b2f4'] 0:00:00.001000
11:37:50.380 ['tcp_csum:a846'] 0:00:00.001000
11:37:50.382 ['tcp_csum:d92f'] 0:00:00.002000
11:37:50.383 ['tcp_csum:e04e'] 0:00:00.001000
11:37:50.384 ['tcp_csum:13b6'] 0:00:00.001000
11:37:50.385 ['tcp_csum:60f7'] 0:00:00.001000
11:37:50.386 ['tcp_csum:3a8b'] 0:00:00.001000
11:37:50.388 ['tcp_csum:92a4'] 0:00:00.002000
11:37:50.389 ['tcp_csum:a6a3'] 0:00:00.001000
11:37:50.390 ['tcp_csum:e1da'] 0:00:00.001000
11:37:50.391 ['tcp_csum:d2cc'] 0:00:00.001000
11:37:50.393 ['tcp_csum:7d67'] 0:00:00.002000
11:37:50.394 ['tcp_csum:c85'] 0:00:00.001000
11:37:50.395 ['tcp_csum:fd90'] 0:00:00.001000
11:37:50.395 ['tcp_csum:f01c'] 0:00:00
11:37:50.396 ['tcp_csum:f6f2'] 0:00:00.001000
11:37:50.397 ['tcp_csum:bcef'] 0:00:00.001000
11:37:50.399 ['tcp_csum:3adf'] 0:00:00.002000
11:37:50.400 ['tcp_csum:b2d3'] 0:00:00.001000
11:37:50.401 ['tcp_csum:51e'] 0:00:00.001000
11:37:50.402 ['tcp_csum:119d'] 0:00:00.001000
11:37:50.403 ['tcp_csum:f750'] 0:00:00.001000
11:37:50.405 ['tcp_csum:3e06'] 0:00:00.002000
11:37:50.406 ['tcp_csum:cc50'] 0:00:00.001000
11:37:50.407 ['tcp_csum:73fd'] 0:00:00.001000
11:37:50.408 ['tcp_csum:f728'] 0:00:00.001000
11:37:50.410 ['tcp_csum:6b92'] 0:00:00.002000
11:37:50.411 ['tcp_csum:6ef6'] 0:00:00.001000
11:37:50.412 ['tcp_csum:e178'] 0:00:00.001000
11:37:50.413 ['tcp_csum:16bb'] 0:00:00.001000
11:37:50.414 ['tcp_csum:7ff1'] 0:00:00.001000
11:37:50.416 ['tcp_csum:ffaa'] 0:00:00.002000
11:37:50.417 ['tcp_csum:7664'] 0:00:00.001000
11:37:50.418 ['tcp_csum:59f4'] 0:00:00.001000
11:37:50.419 ['tcp_csum:be46'] 0:00:00.001000
11:37:50.420 ['tcp_csum:d74'] 0:00:00.001000
11:37:50.422 ['tcp_csum:9167'] 0:00:00.002000
11:37:50.423 ['tcp_csum:9a16'] 0:00:00.001000
11:37:50.424 ['tcp_csum:9e59'] 0:00:00.001000
11:37:50.425 ['tcp_csum:8491'] 0:00:00.001000
11:37:50.426 ['tcp_csum:57a6'] 0:00:00.001000
11:37:50.428 ['tcp_csum:fc02'] 0:00:00.002000
11:37:50.429 ['tcp_csum:c669'] 0:00:00.001000
11:37:50.430 ['tcp_csum:83f2'] 0:00:00.001000
11:37:50.431 ['tcp_csum:9194'] 0:00:00.001000
11:37:50.432 ['tcp_csum:81ee'] 0:00:00.001000
11:37:50.434 ['tcp_csum:2c60'] 0:00:00.002000
11:37:50.434 ['tcp_csum:c54a'] 0:00:00
11:37:50.435 ['tcp_csum:1bfe'] 0:00:00.001000
11:37:50.436 ['tcp_csum:2d46'] 0:00:00.001000
11:37:50.437 ['tcp_csum:37da'] 0:00:00.001000
11:37:50.439 ['tcp_csum:84af'] 0:00:00.002000
11:37:50.440 ['tcp_csum:955d'] 0:00:00.001000
11:37:50.441 ['tcp_csum:7070'] 0:00:00.001000
11:37:50.442 ['tcp_csum:ff8c'] 0:00:00.001000
11:37:50.443 ['tcp_csum:3020'] 0:00:00.001000
11:37:50.445 ['tcp_csum:d830'] 0:00:00.002000
11:37:50.446 ['tcp_csum:7c7c'] 0:00:00.001000
11:37:50.447 ['tcp_csum:4e38'] 0:00:00.001000
11:37:50.448 ['tcp_csum:12ed'] 0:00:00.001000
11:37:50.449 ['tcp_csum:3ccc'] 0:00:00.001000
11:37:50.451 ['tcp_csum:634e'] 0:00:00.002000
11:37:50.452 ['tcp_csum:5308'] 0:00:00.001000
11:37:50.453 ['tcp_csum:d64a'] 0:00:00.001000
11:37:50.454 ['tcp_csum:188f'] 0:00:00.001000
11:37:50.456 ['tcp_csum:fa49'] 0:00:00.002000
11:37:50.457 ['tcp_csum:28a8'] 0:00:00.001000
11:37:50.458 ['tcp_csum:9bf7'] 0:00:00.001000
11:37:50.460 ['tcp_csum:3f4e'] 0:00:00.002000
11:37:50.460 ['tcp_csum:51d2'] 0:00:00
11:37:50.462 ['tcp_csum:a647'] 0:00:00.002000
11:37:50.463 ['tcp_csum:9f9c'] 0:00:00.001000
11:37:50.464 ['tcp_csum:ae1b'] 0:00:00.001000
11:37:50.465 ['tcp_csum:f879'] 0:00:00.001000
11:37:50.467 ['tcp_csum:cb7a'] 0:00:00.002000
11:37:50.468 ['tcp_csum:8d32'] 0:00:00.001000
11:37:50.469 ['tcp_csum:1af4'] 0:00:00.001000
11:37:50.470 ['tcp_csum:2d2a'] 0:00:00.001000
11:37:50.471 ['tcp_csum:9030'] 0:00:00.001000
11:37:50.472 ['tcp_csum:1f04'] 0:00:00.001000
11:37:50.474 ['tcp_csum:ba3e'] 0:00:00.002000
11:37:50.474 ['tcp_csum:c5b5'] 0:00:00
11:37:50.475 ['tcp_csum:e250'] 0:00:00.001000
11:37:50.476 ['tcp_csum:7491'] 0:00:00.001000
11:37:50.477 ['tcp_csum:7773'] 0:00:00.001000
11:37:50.479 ['tcp_csum:10d8'] 0:00:00.002000
11:37:50.480 ['tcp_csum:e46e'] 0:00:00.001000
11:37:50.481 ['tcp_csum:e84f'] 0:00:00.001000
11:37:50.482 ['tcp_csum:1732'] 0:00:00.001000
11:37:50.483 ['tcp_csum:d322'] 0:00:00.001000
11:37:50.485 ['tcp_csum:7ff6'] 0:00:00.002000
11:37:50.486 ['tcp_csum:e646'] 0:00:00.001000
11:37:50.487 ['tcp_csum:fd5b'] 0:00:00.001000
11:37:50.488 ['tcp_csum:e754'] 0:00:00.001000
11:37:50.489 ['tcp_csum:bdff'] 0:00:00.001000
11:37:50.491 ['tcp_csum:417c'] 0:00:00.002000
11:37:50.492 ['tcp_csum:4fde'] 0:00:00.001000
11:37:50.493 ['tcp_csum:7307'] 0:00:00.001000
11:37:50.494 ['tcp_csum:b200'] 0:00:00.001000
11:37:50.495 ['tcp_csum:7b9b'] 0:00:00.001000
11:37:50.497 ['tcp_csum:7c66'] 0:00:00.002000
11:37:50.498 ['tcp_csum:71b9'] 0:00:00.001000
11:37:50.499 ['tcp_csum:a2a3'] 0:00:00.001000
11:37:50.500 ['tcp_csum:a9c2'] 0:00:00.001000
11:37:50.502 ['tcp_csum:dd27'] 0:00:00.002000
11:37:50.503 ['tcp_csum:2a69'] 0:00:00.001000
11:37:50.504 ['tcp_csum:3fe'] 0:00:00.001000
11:37:50.505 ['tcp_csum:5c18'] 0:00:00.001000
11:37:50.506 ['tcp_csum:7017'] 0:00:00.001000
11:37:50.508 ['tcp_csum:ab4c'] 0:00:00.002000
11:37:50.509 ['tcp_csum:9c3e'] 0:00:00.001000
11:37:50.510 ['tcp_csum:46db'] 0:00:00.001000
11:37:50.511 ['tcp_csum:d5f8'] 0:00:00.001000
11:37:50.512 ['tcp_csum:c704'] 0:00:00.001000
11:37:50.514 ['tcp_csum:b98c'] 0:00:00.002000
11:37:50.515 ['tcp_csum:c062'] 0:00:00.001000
11:37:50.515 ['tcp_csum:8661'] 0:00:00
11:37:50.516 ['tcp_csum:453'] 0:00:00.001000
11:37:50.517 ['tcp_csum:7c47'] 0:00:00.001000
11:37:50.518 ['tcp_csum:ce90'] 0:00:00.001000
11:37:50.520 ['tcp_csum:db0e'] 0:00:00.002000
11:37:50.521 ['tcp_csum:c0c3'] 0:00:00.001000
11:37:50.522 ['tcp_csum:77a'] 0:00:00.001000
11:37:50.523 ['tcp_csum:95c4'] 0:00:00.001000
11:37:50.525 ['tcp_csum:3d6f'] 0:00:00.002000
11:37:50.526 ['tcp_csum:c09a'] 0:00:00.001000
11:37:50.527 ['tcp_csum:3505'] 0:00:00.001000
11:37:50.528 ['tcp_csum:386a'] 0:00:00.001000
11:37:50.529 ['tcp_csum:aaec'] 0:00:00.001000
11:37:50.532 ['tcp_csum:e02c'] 0:00:00.003000
11:37:50.532 ['tcp_csum:4963'] 0:00:00
11:37:50.533 ['tcp_csum:c91e'] 0:00:00.001000
11:37:50.536 ['tcp_csum:3fd5'] 0:00:00.003000
11:37:50.536 ['tcp_csum:2367'] 0:00:00
11:37:50.538 ['tcp_csum:87b6'] 0:00:00.002000
11:37:50.538 ['tcp_csum:d6e5'] 0:00:00
11:37:50.541 ['tcp_csum:5ad8'] 0:00:00.003000
11:37:50.541 ['tcp_csum:6389'] 0:00:00
11:37:50.543 ['tcp_csum:67c9'] 0:00:00.002000
11:37:50.543 ['tcp_csum:4e03'] 0:00:00
11:37:50.545 ['tcp_csum:2117'] 0:00:00.002000
11:37:50.545 ['tcp_csum:c576'] 0:00:00
11:37:50.548 ['tcp_csum:8fd9'] 0:00:00.003000
11:37:50.548 ['tcp_csum:4d64'] 0:00:00
11:37:50.550 ['tcp_csum:5b04'] 0:00:00.002000
11:37:50.550 ['tcp_csum:4b61'] 0:00:00
11:37:50.553 ['tcp_csum:f5cf'] 0:00:00.003000
11:37:50.553 ['tcp_csum:8eba'] 0:00:00
11:37:50.555 ['tcp_csum:e56b'] 0:00:00.002000
11:37:50.555 ['tcp_csum:f6b5'] 0:00:00
11:37:50.557 ['tcp_csum:148'] 0:00:00.002000
11:37:50.557 ['tcp_csum:4e21'] 0:00:00
11:37:50.560 ['tcp_csum:5ecb'] 0:00:00.003000
11:37:50.560 ['tcp_csum:39e0'] 0:00:00
11:37:50.562 ['tcp_csum:c8fa'] 0:00:00.002000
11:37:50.562 ['tcp_csum:f98f'] 0:00:00
11:37:50.565 ['tcp_csum:a19e'] 0:00:00.003000
11:37:50.565 ['tcp_csum:45ec'] 0:00:00
11:37:50.567 ['tcp_csum:17a6'] 0:00:00.002000
11:37:50.567 ['tcp_csum:dc5c'] 0:00:00
11:37:50.570 ['tcp_csum:639'] 0:00:00.003000
11:37:50.570 ['tcp_csum:2cc7'] 0:00:00
11:37:50.572 ['tcp_csum:2c75'] 0:00:00.002000
11:37:50.572 ['tcp_csum:4e6f'] 0:00:00
11:37:50.574 ['tcp_csum:9310'] 0:00:00.002000
11:37:50.574 ['tcp_csum:5ba0'] 0:00:00
11:37:50.577 ['tcp_csum:6b'] 0:00:00.003000
11:37:50.577 ['tcp_csum:225d'] 0:00:00
11:37:50.579 ['tcp_csum:7335'] 0:00:00.002000
11:37:50.579 ['tcp_csum:b754'] 0:00:00
11:37:50.582 ['tcp_csum:bb28'] 0:00:00.003000
11:37:50.582 ['tcp_csum:47a4'] 0:00:00
11:37:50.582 ['tcp_csum:b9fd'] 0:00:00
11:37:50.584 ['tcp_csum:8726'] 0:00:00.002000
11:37:50.584 ['tcp_csum:88ca'] 0:00:00
11:37:50.587 ['tcp_csum:8c4f'] 0:00:00.003000
11:37:50.587 ['tcp_csum:ec2d'] 0:00:00
11:37:50.589 ['tcp_csum:cde4'] 0:00:00.002000
11:37:50.589 ['tcp_csum:46d5'] 0:00:00
11:37:50.591 ['tcp_csum:8e04'] 0:00:00.002000
11:37:50.591 ['tcp_csum:adc2'] 0:00:00
11:37:50.594 ['tcp_csum:59fe'] 0:00:00.003000
11:37:50.594 ['tcp_csum:ab29'] 0:00:00
11:37:50.596 ['tcp_csum:2e6a'] 0:00:00.002000
11:37:50.596 ['tcp_csum:70b0'] 0:00:00
11:37:50.599 ['tcp_csum:5269'] 0:00:00.003000
11:37:50.599 ['tcp_csum:80ca'] 0:00:00
11:37:50.601 ['tcp_csum:f416'] 0:00:00.002000
11:37:50.601 ['tcp_csum:976f'] 0:00:00
11:37:50.604 ['tcp_csum:a9f0'] 0:00:00.003000
11:37:50.604 ['tcp_csum:fe69'] 0:00:00
11:37:50.606 ['tcp_csum:63d'] 0:00:00.002000
11:37:50.608 ['tcp_csum:5099'] 0:00:00.002000
11:37:50.608 ['tcp_csum:239d'] 0:00:00
11:37:50.611 ['tcp_csum:e551'] 0:00:00.003000
11:37:50.611 ['tcp_csum:7315'] 0:00:00
11:37:50.613 ['tcp_csum:8549'] 0:00:00.002000
11:37:50.613 ['tcp_csum:e851'] 0:00:00
11:37:50.616 ['tcp_csum:7724'] 0:00:00.003000
11:37:50.616 ['tcp_csum:1261'] 0:00:00
11:37:50.618 ['tcp_csum:1dd3'] 0:00:00.002000
11:37:50.618 ['tcp_csum:3a70'] 0:00:00
11:37:50.621 ['tcp_csum:ccad'] 0:00:00.003000
11:37:50.621 ['tcp_csum:cf91'] 0:00:00
11:37:50.623 ['tcp_csum:68f5'] 0:00:00.002000
11:37:50.623 ['tcp_csum:3c8e'] 0:00:00
11:37:50.625 ['tcp_csum:406d'] 0:00:00.002000
11:37:50.625 ['tcp_csum:6f51'] 0:00:00
11:37:50.628 ['tcp_csum:2b3e'] 0:00:00.003000
11:37:50.628 ['tcp_csum:d815'] 0:00:00
11:37:50.630 ['tcp_csum:3e64'] 0:00:00.002000
11:37:50.630 ['tcp_csum:557b'] 0:00:00
11:37:50.633 ['tcp_csum:3f71'] 0:00:00.003000
11:37:50.633 ['tcp_csum:161e'] 0:00:00
11:37:50.635 ['tcp_csum:9999'] 0:00:00.002000
11:37:50.635 ['tcp_csum:a7fd'] 0:00:00
11:37:50.638 ['tcp_csum:cb24'] 0:00:00.003000
11:37:50.638 ['tcp_csum:a20'] 0:00:00
11:37:50.640 ['tcp_csum:d3b7'] 0:00:00.002000
11:37:50.640 ['tcp_csum:d485'] 0:00:00
11:37:50.642 ['tcp_csum:c9d6'] 0:00:00.002000
11:37:50.642 ['tcp_csum:fac2'] 0:00:00
11:37:50.645 ['tcp_csum:1de'] 0:00:00.003000
11:37:50.645 ['tcp_csum:3547'] 0:00:00
11:37:50.647 ['tcp_csum:8286'] 0:00:00.002000
11:37:50.647 ['tcp_csum:5c1d'] 0:00:00
11:37:50.650 ['tcp_csum:b434'] 0:00:00.003000
11:37:50.650 ['tcp_csum:c835'] 0:00:00
11:37:50.652 ['tcp_csum:36a'] 0:00:00.002000
11:37:50.652 ['tcp_csum:f45d'] 0:00:00
11:37:50.654 ['tcp_csum:9ef8'] 0:00:00.002000
11:37:50.654 ['tcp_csum:2e18'] 0:00:00
11:37:50.657 ['tcp_csum:1f20'] 0:00:00.003000
11:37:50.657 ['tcp_csum:11ac'] 0:00:00
11:37:50.659 ['tcp_csum:1880'] 0:00:00.002000
11:37:50.659 ['tcp_csum:de7e'] 0:00:00
11:37:50.662 ['tcp_csum:5c6c'] 0:00:00.003000
11:37:50.662 ['tcp_csum:d462'] 0:00:00
11:37:50.664 ['tcp_csum:26ab'] 0:00:00.002000
11:37:50.664 ['tcp_csum:332c'] 0:00:00
11:37:50.667 ['tcp_csum:5f96'] 0:00:00.003000
11:37:50.669 ['tcp_csum:eddd'] 0:00:00.002000
11:37:50.669 ['tcp_csum:958c'] 0:00:00
11:37:50.669 ['tcp_csum:18ba'] 0:00:00
11:37:50.671 ['tcp_csum:8d22'] 0:00:00.002000
11:37:50.671 ['tcp_csum:9089'] 0:00:00
11:37:50.674 ['tcp_csum:308'] 0:00:00.003000
11:37:50.674 ['tcp_csum:384c'] 0:00:00
11:37:50.676 ['tcp_csum:a180'] 0:00:00.002000
11:37:50.676 ['tcp_csum:213e'] 0:00:00
11:37:50.679 ['tcp_csum:97f4'] 0:00:00.003000
11:37:50.679 ['tcp_csum:7b86'] 0:00:00
11:37:50.681 ['tcp_csum:dfd5'] 0:00:00.002000
11:37:50.681 ['tcp_csum:2f05'] 0:00:00
11:37:50.683 ['tcp_csum:b2f8'] 0:00:00.002000
11:37:50.683 ['tcp_csum:bba9'] 0:00:00
11:37:50.686 ['tcp_csum:bfe0'] 0:00:00.003000
11:37:50.686 ['tcp_csum:f6e7'] 0:00:00
11:37:50.688 ['tcp_csum:7a28'] 0:00:00.002000
11:37:50.688 ['tcp_csum:bc6e'] 0:00:00
11:37:50.691 ['tcp_csum:9e26'] 0:00:00.003000
11:37:50.691 ['tcp_csum:cc87'] 0:00:00
11:37:50.693 ['tcp_csum:e32d'] 0:00:00.002000
11:37:50.696 ['tcp_csum:f5ae'] 0:00:00.003000
11:37:50.696 ['tcp_csum:4a28'] 0:00:00
11:37:50.698 ['tcp_csum:437a'] 0:00:00.002000
11:37:50.698 ['tcp_csum:51fb'] 0:00:00
11:37:50.700 ['tcp_csum:9c57'] 0:00:00.002000
11:37:50.700 ['tcp_csum:6f5b'] 0:00:00
11:37:50.703 ['tcp_csum:3110'] 0:00:00.003000
11:37:50.703 ['tcp_csum:bed3'] 0:00:00
11:37:50.705 ['tcp_csum:d107'] 0:00:00.002000
11:37:50.705 ['tcp_csum:3410'] 0:00:00
11:37:50.708 ['tcp_csum:c2e2'] 0:00:00.003000
11:37:50.708 ['tcp_csum:5e1f'] 0:00:00
11:37:50.710 ['tcp_csum:6991'] 0:00:00.002000
11:37:50.710 ['tcp_csum:862e'] 0:00:00
11:37:50.713 ['tcp_csum:186d'] 0:00:00.003000
11:37:50.713 ['tcp_csum:1b51'] 0:00:00
11:37:50.715 ['tcp_csum:b4b3'] 0:00:00.002000
11:37:50.715 ['tcp_csum:884c'] 0:00:00
11:37:50.718 ['tcp_csum:8c2b'] 0:00:00.003000
11:37:50.718 ['tcp_csum:bb0f'] 0:00:00
11:37:50.720 ['tcp_csum:76fc'] 0:00:00.002000
11:37:50.720 ['tcp_csum:23d4'] 0:00:00
11:37:50.726 ['tcp_csum:8a22'] 0:00:00.006000
11:37:50.726 ['tcp_csum:a139'] 0:00:00
11:37:50.726 ['tcp_csum:8b2e'] 0:00:00
11:37:50.726 ['tcp_csum:61db'] 0:00:00
11:37:50.728 ['tcp_csum:e557'] 0:00:00.002000
11:37:50.728 ['tcp_csum:f3bb'] 0:00:00
11:37:50.730 ['tcp_csum:16e3'] 0:00:00.002000
11:37:50.730 ['tcp_csum:55de'] 0:00:00
11:37:50.732 ['tcp_csum:1f76'] 0:00:00.002000
11:37:50.732 ['tcp_csum:2044'] 0:00:00
11:37:50.734 ['tcp_csum:1595'] 0:00:00.002000
11:37:50.735 ['tcp_csum:4681'] 0:00:00.001000
11:37:50.737 ['tcp_csum:4d9c'] 0:00:00.002000
11:37:50.737 ['tcp_csum:8105'] 0:00:00
11:37:50.739 ['tcp_csum:ce44'] 0:00:00.002000
11:37:50.739 ['tcp_csum:a7db'] 0:00:00
11:37:50.742 ['tcp_csum:fff2'] 0:00:00.003000
11:37:50.742 ['tcp_csum:13f4'] 0:00:00
11:37:50.744 ['tcp_csum:4f28'] 0:00:00.002000
11:37:50.744 ['tcp_csum:401c'] 0:00:00
11:37:50.747 ['tcp_csum:eab6'] 0:00:00.003000
11:37:50.747 ['tcp_csum:79d6'] 0:00:00
11:37:50.749 ['tcp_csum:6ade'] 0:00:00.002000
11:37:50.749 ['tcp_csum:5d6a'] 0:00:00
11:37:50.752 ['tcp_csum:643e'] 0:00:00.003000
11:37:50.752 ['tcp_csum:2a3d'] 0:00:00
11:37:50.754 ['tcp_csum:a82a'] 0:00:00.002000
11:37:50.754 ['tcp_csum:2021'] 0:00:00
11:37:50.756 ['tcp_csum:7269'] 0:00:00.002000
11:37:50.756 ['tcp_csum:7eea'] 0:00:00
11:37:50.759 ['tcp_csum:649c'] 0:00:00.003000
11:37:50.759 ['tcp_csum:ab54'] 0:00:00
11:37:50.759 ['tcp_csum:39a1'] 0:00:00
11:37:50.761 ['tcp_csum:e14a'] 0:00:00.002000
11:37:50.761 ['tcp_csum:6478'] 0:00:00
11:37:50.764 ['tcp_csum:d8e0'] 0:00:00.003000
11:37:50.764 ['tcp_csum:dc47'] 0:00:00
11:37:50.766 ['tcp_csum:4ec6'] 0:00:00.002000
11:37:50.766 ['tcp_csum:840a'] 0:00:00
11:37:50.768 ['tcp_csum:ed3e'] 0:00:00.002000
11:37:50.768 ['tcp_csum:6cfc'] 0:00:00
11:37:50.771 ['tcp_csum:e3b1'] 0:00:00.003000
11:37:50.771 ['tcp_csum:c743'] 0:00:00
11:37:50.773 ['tcp_csum:2b94'] 0:00:00.002000
11:37:50.773 ['tcp_csum:7ac3'] 0:00:00
11:37:50.776 ['tcp_csum:feb5'] 0:00:00.003000
11:37:50.776 ['tcp_csum:767'] 0:00:00
11:37:50.778 ['tcp_csum:b9f'] 0:00:00.002000
11:37:50.778 ['tcp_csum:42a6'] 0:00:00
11:37:50.781 ['tcp_csum:c5e6'] 0:00:00.003000
11:37:50.781 ['tcp_csum:82d'] 0:00:00
11:37:50.783 ['tcp_csum:e9e4'] 0:00:00.002000
11:37:50.783 ['tcp_csum:1846'] 0:00:00
11:37:50.785 ['tcp_csum:8b93'] 0:00:00.002000
11:37:50.785 ['tcp_csum:2eec'] 0:00:00
11:37:50.788 ['tcp_csum:416d'] 0:00:00.003000
11:37:50.788 ['tcp_csum:95e6'] 0:00:00
11:37:50.790 ['tcp_csum:8f38'] 0:00:00.002000
11:37:50.790 ['tcp_csum:9db9'] 0:00:00
11:37:50.793 ['tcp_csum:e814'] 0:00:00.003000
11:37:50.793 ['tcp_csum:bb18'] 0:00:00
11:37:50.795 ['tcp_csum:7cce'] 0:00:00.002000
11:37:50.795 ['tcp_csum:a92'] 0:00:00
11:37:50.798 ['tcp_csum:1cc6'] 0:00:00.003000
11:37:50.798 ['tcp_csum:7fce'] 0:00:00
11:37:50.800 ['tcp_csum:ea0'] 0:00:00.002000
11:37:50.800 ['tcp_csum:a9dc'] 0:00:00
11:37:50.802 ['tcp_csum:b54f'] 0:00:00.002000
11:37:50.802 ['tcp_csum:d1ec'] 0:00:00
11:37:50.805 ['tcp_csum:642a'] 0:00:00.003000
11:37:50.805 ['tcp_csum:670e'] 0:00:00
11:37:50.807 ['tcp_csum:72'] 0:00:00.002000
11:37:50.807 ['tcp_csum:d40a'] 0:00:00
11:37:50.810 ['tcp_csum:d7e9'] 0:00:00.003000
11:37:50.810 ['tcp_csum:6cd'] 0:00:00
11:37:50.812 ['tcp_csum:c2ba'] 0:00:00.002000
11:37:50.812 ['tcp_csum:6f92'] 0:00:00
11:37:50.815 ['tcp_csum:d5e0'] 0:00:00.003000
11:37:50.815 ['tcp_csum:ecf7'] 0:00:00
11:37:50.817 ['tcp_csum:d6ec'] 0:00:00.002000
11:37:50.817 ['tcp_csum:ad99'] 0:00:00
11:37:50.819 ['tcp_csum:3116'] 0:00:00.002000
11:37:50.819 ['tcp_csum:3f7a'] 0:00:00
11:37:50.822 ['tcp_csum:62a0'] 0:00:00.003000
11:37:50.822 ['tcp_csum:a19b'] 0:00:00
11:37:50.824 ['tcp_csum:6b34'] 0:00:00.002000
11:37:50.824 ['tcp_csum:6c02'] 0:00:00
11:37:50.827 ['tcp_csum:6153'] 0:00:00.003000
11:37:50.827 ['tcp_csum:923f'] 0:00:00
11:37:50.829 ['tcp_csum:995a'] 0:00:00.002000
11:37:50.829 ['tcp_csum:ccc3'] 0:00:00
11:37:50.832 ['tcp_csum:1a03'] 0:00:00.003000
11:37:50.832 ['tcp_csum:f399'] 0:00:00
11:37:50.834 ['tcp_csum:4bb1'] 0:00:00.002000
11:37:50.834 ['tcp_csum:5fb2'] 0:00:00
11:37:50.836 ['tcp_csum:9ae6'] 0:00:00.002000
11:37:50.836 ['tcp_csum:8bda'] 0:00:00
11:37:50.839 ['tcp_csum:3674'] 0:00:00.003000
11:37:50.839 ['tcp_csum:c593'] 0:00:00
11:37:50.841 ['tcp_csum:b69c'] 0:00:00.002000
11:37:50.841 ['tcp_csum:a928'] 0:00:00
11:37:50.844 ['tcp_csum:affc'] 0:00:00.003000
11:37:50.844 ['tcp_csum:75fb'] 0:00:00
11:37:50.846 ['tcp_csum:6bdf'] 0:00:00.002000
11:37:50.848 ['tcp_csum:be27'] 0:00:00.002000
11:37:50.848 ['tcp_csum:caa8'] 0:00:00
11:37:50.852 ['tcp_csum:b05a'] 0:00:00.004000
11:37:50.852 ['tcp_csum:f712'] 0:00:00
11:37:50.852 ['tcp_csum:855f'] 0:00:00
11:37:50.853 ['tcp_csum:2d09'] 0:00:00.001000
11:37:50.853 ['tcp_csum:b036'] 0:00:00
11:37:50.856 ['tcp_csum:249f'] 0:00:00.003000
11:37:50.856 ['tcp_csum:2805'] 0:00:00
11:37:50.858 ['tcp_csum:cfc8'] 0:00:00.002000
11:37:50.860 ['tcp_csum:38fd'] 0:00:00.002000
11:37:50.860 ['tcp_csum:b8ba'] 0:00:00
11:37:50.863 ['tcp_csum:2f70'] 0:00:00.003000
11:37:50.863 ['tcp_csum:1302'] 0:00:00
