['tcp_csum:2a28'] 13:19:17.210 ("['tcp_csum:2a28']", '13:19:17.199')
['tcp_csum:bb72'] 13:19:17.210 ("['tcp_csum:bb72']", '13:19:17.199')
['tcp_csum:d2e7'] 13:19:17.254 ("['tcp_csum:d2e7']", '13:19:17.238')
['tcp_csum:fa80'] 13:19:17.252 ("['tcp_csum:fa80']", '13:19:17.238')
['tcp_csum:544e'] 13:19:17.253 ("['tcp_csum:544e']", '13:19:17.238')
['tcp_csum:4f72'] 13:19:17.248 ("['tcp_csum:4f72']", '13:19:17.238')
['tcp_csum:c365'] 13:19:17.251 ("['tcp_csum:c365']", '13:19:17.238')
['tcp_csum:71ae'] 13:19:17.250 ("['tcp_csum:71ae']", '13:19:17.238')
['tcp_csum:c455'] 13:19:17.257 ("['tcp_csum:c455']", '13:19:17.238')
['tcp_csum:975c'] 13:19:17.248 ("['tcp_csum:975c']", '13:19:17.238')
['tcp_csum:e102'] 13:19:17.258 ("['tcp_csum:e102']", '13:19:17.238')
['tcp_csum:c047'] 13:19:17.256 ("['tcp_csum:c047']", '13:19:17.238')
['tcp_csum:1d18'] 13:19:17.269 ("['tcp_csum:1d18']", '13:19:17.259')
['tcp_csum:88ca'] 13:19:17.270 ("['tcp_csum:88ca']", '13:19:17.259')
['tcp_csum:ef59'] 13:19:17.269 ("['tcp_csum:ef59']", '13:19:17.259')
['tcp_csum:6870'] 13:19:17.271 ("['tcp_csum:6870']", '13:19:17.259')
['tcp_csum:5006'] 13:19:17.273 ("['tcp_csum:5006']", '13:19:17.260')
['tcp_csum:e448'] 13:19:17.274 ("['tcp_csum:e448']", '13:19:17.260')
['tcp_csum:5351'] 13:19:17.275 ("['tcp_csum:5351']", '13:19:17.261')
['tcp_csum:9f9'] 13:19:17.276 ("['tcp_csum:9f9']", '13:19:17.261')
['tcp_csum:b304'] 13:19:17.279 ("['tcp_csum:b304']", '13:19:17.262')
['tcp_csum:29c3'] 13:19:17.277 ("['tcp_csum:29c3']", '13:19:17.262')
['tcp_csum:a119'] 13:19:17.280 ("['tcp_csum:a119']", '13:19:17.264')
['tcp_csum:2ea5'] 13:19:17.281 ("['tcp_csum:2ea5']", '13:19:17.264')
['tcp_csum:7c39'] 13:19:17.283 ("['tcp_csum:7c39']", '13:19:17.265')
['tcp_csum:8fa8'] 13:19:17.282 ("['tcp_csum:8fa8']", '13:19:17.265')
['tcp_csum:dad6'] 13:19:17.285 ("['tcp_csum:dad6']", '13:19:17.266')
['tcp_csum:18b'] 13:19:17.286 ("['tcp_csum:18b']", '13:19:17.266')
['tcp_csum:6c9b'] 13:19:17.287 ("['tcp_csum:6c9b']", '13:19:17.267')
['tcp_csum:bac7'] 13:19:17.288 ("['tcp_csum:bac7']", '13:19:17.267')
['tcp_csum:976e'] 13:19:17.289 ("['tcp_csum:976e']", '13:19:17.268')
['tcp_csum:1a86'] 13:19:17.291 ("['tcp_csum:1a86']", '13:19:17.268')
['tcp_csum:9dd3'] 13:19:17.295 ("['tcp_csum:9dd3']", '13:19:17.279')
['tcp_csum:bead'] 13:19:17.292 ("['tcp_csum:bead']", '13:19:17.279')
['tcp_csum:8b63'] 13:19:17.293 ("['tcp_csum:8b63']", '13:19:17.279')
['tcp_csum:6f03'] 13:19:17.294 ("['tcp_csum:6f03']", '13:19:17.279')
['tcp_csum:4ebf'] 13:19:17.297 ("['tcp_csum:4ebf']", '13:19:17.280')
['tcp_csum:39fe'] 13:19:17.298 ("['tcp_csum:39fe']", '13:19:17.280')
['tcp_csum:a6eb'] 13:19:17.299 ("['tcp_csum:a6eb']", '13:19:17.282')
['tcp_csum:9f54'] 13:19:17.300 ("['tcp_csum:9f54']", '13:19:17.282')
['tcp_csum:558'] 13:19:17.303 ("['tcp_csum:558']", '13:19:17.283')
['tcp_csum:b1d'] 13:19:17.301 ("['tcp_csum:b1d']", '13:19:17.283')
['tcp_csum:6cc3'] 13:19:17.305 ("['tcp_csum:6cc3']", '13:19:17.284')
['tcp_csum:b4ad'] 13:19:17.304 ("['tcp_csum:b4ad']", '13:19:17.284')
['tcp_csum:e0b4'] 13:19:17.308 ("['tcp_csum:e0b4']", '13:19:17.285')
['tcp_csum:8efd'] 13:19:17.306 ("['tcp_csum:8efd']", '13:19:17.285')
['tcp_csum:719b'] 13:19:17.310 ("['tcp_csum:719b']", '13:19:17.286')
['tcp_csum:17ce'] 13:19:17.309 ("['tcp_csum:17ce']", '13:19:17.286')
['tcp_csum:f031'] 13:19:17.311 ("['tcp_csum:f031']", '13:19:17.288')
['tcp_csum:dd91'] 13:19:17.312 ("['tcp_csum:dd91']", '13:19:17.288')
['tcp_csum:e19c'] 13:19:17.314 ("['tcp_csum:e19c']", '13:19:17.289')
['tcp_csum:fe49'] 13:19:17.315 ("['tcp_csum:fe49']", '13:19:17.289')
['tcp_csum:3a99'] 13:19:17.317 ("['tcp_csum:3a99']", '13:19:17.290')
['tcp_csum:ce3'] 13:19:17.316 ("['tcp_csum:ce3']", '13:19:17.290')
['tcp_csum:85e7'] 13:19:17.320 ("['tcp_csum:85e7']", '13:19:17.291')
['tcp_csum:a649'] 13:19:17.318 ("['tcp_csum:a649']", '13:19:17.291')
['tcp_csum:656d'] 13:19:17.321 ("['tcp_csum:656d']", '13:19:17.292')
['tcp_csum:1d83'] 13:19:17.322 ("['tcp_csum:1d83']", '13:19:17.292')
['tcp_csum:3fbc'] 13:19:17.323 ("['tcp_csum:3fbc']", '13:19:17.294')
['tcp_csum:9173'] 13:19:17.325 ("['tcp_csum:9173']", '13:19:17.294')
['tcp_csum:c88b'] 13:19:17.326 ("['tcp_csum:c88b']", '13:19:17.295')
['tcp_csum:2259'] 13:19:17.327 ("['tcp_csum:2259']", '13:19:17.295')
['tcp_csum:a0f0'] 13:19:17.328 ("['tcp_csum:a0f0']", '13:19:17.296')
['tcp_csum:8e50'] 13:19:17.329 ("['tcp_csum:8e50']", '13:19:17.296')
['tcp_csum:af09'] 13:19:17.332 ("['tcp_csum:af09']", '13:19:17.297')
['tcp_csum:925c'] 13:19:17.331 ("['tcp_csum:925c']", '13:19:17.297')
['tcp_csum:bda2'] 13:19:17.333 ("['tcp_csum:bda2']", '13:19:17.298')
['tcp_csum:eb58'] 13:19:17.334 ("['tcp_csum:eb58']", '13:19:17.298')
['tcp_csum:36ae'] 13:19:17.337 ("['tcp_csum:36ae']", '13:19:17.300')
['tcp_csum:5708'] 13:19:17.335 ("['tcp_csum:5708']", '13:19:17.300')
['tcp_csum:b285'] 13:19:17.339 ("['tcp_csum:b285']", '13:19:17.301')
['tcp_csum:1e43'] 13:19:17.338 ("['tcp_csum:1e43']", '13:19:17.301')
['tcp_csum:d835'] 13:19:17.341 ("['tcp_csum:d835']", '13:19:17.302')
['tcp_csum:218e'] 13:19:17.340 ("['tcp_csum:218e']", '13:19:17.302')
['tcp_csum:8141'] 13:19:17.344 ("['tcp_csum:8141']", '13:19:17.303')
['tcp_csum:f7ff'] 13:19:17.343 ("['tcp_csum:f7ff']", '13:19:17.303')
['tcp_csum:6f56'] 13:19:17.345 ("['tcp_csum:6f56']", '13:19:17.304')
['tcp_csum:fcea'] 13:19:17.346 ("['tcp_csum:fcea']", '13:19:17.304')
['tcp_csum:5de5'] 13:19:17.348 ("['tcp_csum:5de5']", '13:19:17.306')
['tcp_csum:4a76'] 13:19:17.349 ("['tcp_csum:4a76']", '13:19:17.306')
['tcp_csum:a913'] 13:19:17.350 ("['tcp_csum:a913']", '13:19:17.307')
['tcp_csum:cfc7'] 13:19:17.351 ("['tcp_csum:cfc7']", '13:19:17.307')
['tcp_csum:8904'] 13:19:17.354 ("['tcp_csum:8904']", '13:19:17.308')
['tcp_csum:3ad8'] 13:19:17.352 ("['tcp_csum:3ad8']", '13:19:17.308')
['tcp_csum:65ab'] 13:19:17.355 ("['tcp_csum:65ab']", '13:19:17.309')
['tcp_csum:e8c2'] 13:19:17.356 ("['tcp_csum:e8c2']", '13:19:17.309')
['tcp_csum:8cfd'] 13:19:17.357 ("['tcp_csum:8cfd']", '13:19:17.311')
['tcp_csum:59b3'] 13:19:17.358 ("['tcp_csum:59b3']", '13:19:17.311')
['tcp_csum:3d58'] 13:19:17.360 ("['tcp_csum:3d58']", '13:19:17.312')
['tcp_csum:6c18'] 13:19:17.361 ("['tcp_csum:6c18']", '13:19:17.312')
['tcp_csum:9f4a'] 13:19:17.363 ("['tcp_csum:9f4a']", '13:19:17.313')
['tcp_csum:1d04'] 13:19:17.362 ("['tcp_csum:1d04']", '13:19:17.313')
['tcp_csum:799a'] 13:19:17.366 ("['tcp_csum:799a']", '13:19:17.314')
['tcp_csum:575e'] 13:19:17.364 ("['tcp_csum:575e']", '13:19:17.314')
['tcp_csum:cb4f'] 13:19:17.367 ("['tcp_csum:cb4f']", '13:19:17.315')
['tcp_csum:26b'] 13:19:17.368 ("['tcp_csum:26b']", '13:19:17.315')
['tcp_csum:5c35'] 13:19:17.369 ("['tcp_csum:5c35']", '13:19:17.317')
['tcp_csum:dace'] 13:19:17.371 ("['tcp_csum:dace']", '13:19:17.317')
['tcp_csum:cc39'] 13:19:17.373 ("['tcp_csum:cc39']", '13:19:17.318')
['tcp_csum:c82b'] 13:19:17.372 ("['tcp_csum:c82b']", '13:19:17.318')
['tcp_csum:e8e4'] 13:19:17.374 ("['tcp_csum:e8e4']", '13:19:17.319')
['tcp_csum:f77f'] 13:19:17.375 ("['tcp_csum:f77f']", '13:19:17.319')
['tcp_csum:90e6'] 13:19:17.378 ("['tcp_csum:90e6']", '13:19:17.320')
['tcp_csum:2534'] 13:19:17.376 ("['tcp_csum:2534']", '13:19:17.320')
['tcp_csum:708a'] 13:19:17.379 ("['tcp_csum:708a']", '13:19:17.321')
['tcp_csum:5822'] 13:19:17.380 ("['tcp_csum:5822']", '13:19:17.321')
['tcp_csum:ec61'] 13:19:17.381 ("['tcp_csum:ec61']", '13:19:17.323')
['tcp_csum:5b6c'] 13:19:17.383 ("['tcp_csum:5b6c']", '13:19:17.323')
['tcp_csum:31dd'] 13:21:08.195 ("['tcp_csum:31dd']", '13:19:17.324')
['tcp_csum:1211'] 13:19:17.384 ("['tcp_csum:1211']", '13:19:17.324')
['tcp_csum:a933'] 13:20:35.107 ("['tcp_csum:a933']", '13:19:17.325')
['tcp_csum:bb1c'] 13:19:17.385 ("['tcp_csum:bb1c']", '13:19:17.325')
['tcp_csum:36c6'] 13:19:17.386 ("['tcp_csum:36c6']", '13:19:17.326')
['tcp_csum:97c4'] 13:19:17.867 ("['tcp_csum:97c4']", '13:19:17.326')
['tcp_csum:8453'] 13:19:17.387 ("['tcp_csum:8453']", '13:19:17.327')
['tcp_csum:e2f2'] 13:20:00.713 ("['tcp_csum:e2f2']", '13:19:17.327')
['tcp_csum:74b5'] 13:20:57.342 ("['tcp_csum:74b5']", '13:19:17.329')
['tcp_csum:9a3'] 13:19:17.389 ("['tcp_csum:9a3']", '13:19:17.329')
['tcp_csum:9f88'] 13:20:15.384 ("['tcp_csum:9f88']", '13:19:17.330')
['tcp_csum:c2df'] 13:19:17.390 ("['tcp_csum:c2df']", '13:19:17.330')
['tcp_csum:c6db'] 13:22:01.218 ("['tcp_csum:c6db']", '13:19:17.331')
['tcp_csum:229e'] 13:19:17.391 ("['tcp_csum:229e']", '13:19:17.331')
['tcp_csum:7737'] 13:21:32.723 ("['tcp_csum:7737']", '13:19:17.332')
['tcp_csum:938f'] 13:19:17.392 ("['tcp_csum:938f']", '13:19:17.332')
['tcp_csum:a5fc'] 13:19:17.393 ("['tcp_csum:a5fc']", '13:19:17.333')
['tcp_csum:56ea'] 13:20:54.147 ("['tcp_csum:56ea']", '13:19:17.333')
['tcp_csum:af16'] 13:20:02.353 ("['tcp_csum:af16']", '13:19:17.335')
['tcp_csum:4226'] 13:19:17.395 ("['tcp_csum:4226']", '13:19:17.335')
['tcp_csum:a77d'] 13:19:17.396 ("['tcp_csum:a77d']", '13:19:17.336')
['tcp_csum:1349'] 13:19:43.226 ("['tcp_csum:1349']", '13:19:17.336')
['tcp_csum:d8a'] 13:19:17.397 ("['tcp_csum:d8a']", '13:19:17.337')
['tcp_csum:fab7'] 13:20:17.130 ("['tcp_csum:fab7']", '13:19:17.337')
['tcp_csum:4bf1'] 13:19:17.398 ("['tcp_csum:4bf1']", '13:19:17.338')
['tcp_csum:aa98'] 13:20:13.499 ("['tcp_csum:aa98']", '13:19:17.338')
['tcp_csum:7a7a'] 13:19:17.400 ("['tcp_csum:7a7a']", '13:19:17.340')
['tcp_csum:7fb1'] 13:20:20.613 ("['tcp_csum:7fb1']", '13:19:17.340')
['tcp_csum:15b8'] 13:20:16.625 ("['tcp_csum:15b8']", '13:19:17.341')
['tcp_csum:c76'] 13:19:17.401 ("['tcp_csum:c76']", '13:19:17.341')
['tcp_csum:fa5a'] 13:19:17.402 ("['tcp_csum:fa5a']", '13:19:17.342')
['tcp_csum:1476'] 13:19:22.162 ("['tcp_csum:1476']", '13:19:17.342')
['tcp_csum:374b'] 13:21:59.979 ("['tcp_csum:374b']", '13:19:17.343')
['tcp_csum:db03'] 13:19:17.403 ("['tcp_csum:db03']", '13:19:17.343')
['tcp_csum:36a9'] 13:20:49.312 ("['tcp_csum:36a9']", '13:19:17.344')
['tcp_csum:7e93'] 13:19:17.404 ("['tcp_csum:7e93']", '13:19:17.344')
['tcp_csum:aa99'] 13:20:48.229 ("['tcp_csum:aa99']", '13:19:17.346')
['tcp_csum:58e2'] 13:19:17.406 ("['tcp_csum:58e2']", '13:19:17.346')
['tcp_csum:e1b1'] 13:19:17.407 ("['tcp_csum:e1b1']", '13:19:17.347')
['tcp_csum:3b7f'] 13:19:25.657 ("['tcp_csum:3b7f']", '13:19:17.347')
['tcp_csum:ba16'] 13:19:17.408 ("['tcp_csum:ba16']", '13:19:17.348')
['tcp_csum:c82f'] 13:19:55.832 ("['tcp_csum:c82f']", '13:19:17.349')
['tcp_csum:ab82'] 13:19:17.409 ("['tcp_csum:ab82']", '13:19:17.349')
['tcp_csum:d6c8'] 13:19:17.411 ("['tcp_csum:d6c8']", '13:19:17.350')
['tcp_csum:47f'] 13:20:43.875 ("['tcp_csum:47f']", '13:19:17.350')
['tcp_csum:4fd3'] 13:22:27.392 ("['tcp_csum:4fd3']", '13:19:17.352')
['tcp_csum:702d'] 13:19:17.412 ("['tcp_csum:702d']", '13:19:17.352')
['tcp_csum:cbab'] 13:20:32.616 ("['tcp_csum:cbab']", '13:19:17.353')
['tcp_csum:3769'] 13:19:17.413 ("['tcp_csum:3769']", '13:19:17.353')
['tcp_csum:3ab4'] 13:19:17.414 ("['tcp_csum:3ab4']", '13:19:17.354')
['tcp_csum:f15b'] 13:21:45.757 ("['tcp_csum:f15b']", '13:19:17.354')
['tcp_csum:9a67'] 13:21:41.927 ("['tcp_csum:9a67']", '13:19:17.356')
['tcp_csum:1126'] 13:19:17.415 ("['tcp_csum:1126']", '13:19:17.356')
['tcp_csum:887b'] 13:19:17.416 ("['tcp_csum:887b']", '13:19:17.357')
['tcp_csum:770b'] 13:19:17.418 ("['tcp_csum:770b']", '13:19:17.358')
['tcp_csum:639c'] 13:20:00.740 ("['tcp_csum:639c']", '13:19:17.358')
['tcp_csum:c239'] 13:19:17.419 ("['tcp_csum:c239']", '13:19:17.359')
['tcp_csum:e8ed'] 13:19:22.345 ("['tcp_csum:e8ed']", '13:19:17.359')
['tcp_csum:a22a'] 13:22:15.816 ("['tcp_csum:a22a']", '13:19:17.360')
['tcp_csum:53fe'] 13:19:17.420 ("['tcp_csum:53fe']", '13:19:17.360')
['tcp_csum:7ed1'] 13:19:17.421 ("['tcp_csum:7ed1']", '13:19:17.362')
['tcp_csum:1e9'] 13:21:29.384 ("['tcp_csum:1e9']", '13:19:17.362')
['tcp_csum:72d9'] 13:20:37.714 ("['tcp_csum:72d9']", '13:19:17.363')
['tcp_csum:a623'] 13:19:17.423 ("['tcp_csum:a623']", '13:19:17.363')
['tcp_csum:567e'] 13:19:17.424 ("['tcp_csum:567e']", '13:19:17.364')
['tcp_csum:8546'] 13:19:32.287 ("['tcp_csum:8546']", '13:19:17.364')
['tcp_csum:2171'] 13:19:51.760 ("['tcp_csum:2171']", '13:19:17.365')
['tcp_csum:3632'] 13:19:17.425 ("['tcp_csum:3632']", '13:19:17.365')
['tcp_csum:8e5f'] 13:19:17.426 ("['tcp_csum:8e5f']", '13:19:17.366')
['tcp_csum:86c8'] 13:19:38.230 ("['tcp_csum:86c8']", '13:19:17.366')
['tcp_csum:ecd4'] 13:19:43.586 ("['tcp_csum:ecd4']", '13:19:17.368')
['tcp_csum:f291'] 13:19:17.427 ("['tcp_csum:f291']", '13:19:17.368')
['tcp_csum:2b3b'] 13:19:27.375 ("['tcp_csum:2b3b']", '13:19:17.369')
['tcp_csum:d9ff'] 13:19:17.429 ("['tcp_csum:d9ff']", '13:19:17.369')
['tcp_csum:59c4'] 13:21:12.743 ("['tcp_csum:59c4']", '13:19:17.370')
['tcp_csum:89df'] 13:19:17.430 ("['tcp_csum:89df']", '13:19:17.370')
['tcp_csum:ebc0'] 13:19:41.519 ("['tcp_csum:ebc0']", '13:19:17.371')
['tcp_csum:5ef9'] 13:19:17.431 ("['tcp_csum:5ef9']", '13:19:17.371')
['tcp_csum:f500'] 13:19:17.432 ("['tcp_csum:f500']", '13:19:17.373')
['tcp_csum:f3be'] 13:19:17.433 ("['tcp_csum:f3be']", '13:19:17.374')
['tcp_csum:ba4e'] 13:20:30.908 ("['tcp_csum:ba4e']", '13:19:17.374')
['tcp_csum:6843'] 13:19:49.839 ("['tcp_csum:6843']", '13:19:17.375')
['tcp_csum:169a'] 13:19:17.435 ("['tcp_csum:169a']", '13:19:17.375')
['tcp_csum:3ede'] 13:19:17.436 ("['tcp_csum:3ede']", '13:19:17.376')
['tcp_csum:9e4e'] 13:20:34.876 ("['tcp_csum:9e4e']", '13:19:17.376')
['tcp_csum:7201'] 13:19:17.437 ("['tcp_csum:7201']", '13:19:17.377')
['tcp_csum:c98e'] 13:20:22.845 ("['tcp_csum:c98e']", '13:19:17.377')
['tcp_csum:b106'] 13:19:17.438 ("['tcp_csum:b106']", '13:19:17.379')
['tcp_csum:632f'] 13:19:17.440 ("['tcp_csum:632f']", '13:19:17.380')
['tcp_csum:84a4'] 13:19:52.505 ("['tcp_csum:84a4']", '13:19:17.380')
['tcp_csum:ee4c'] 13:19:17.441 ("['tcp_csum:ee4c']", '13:19:17.381')
['tcp_csum:967a'] 13:21:55.594 ("['tcp_csum:967a']", '13:19:17.381')
['tcp_csum:a48a'] 13:19:58.636 ("['tcp_csum:a48a']", '13:19:17.382')
['tcp_csum:e839'] 13:19:17.442 ("['tcp_csum:e839']", '13:19:17.382')
['tcp_csum:9785'] 13:19:17.443 ("['tcp_csum:9785']", '13:19:17.383')
['tcp_csum:4e7f'] 13:21:13.141 ("['tcp_csum:4e7f']", '13:19:17.384')
['tcp_csum:70a6'] 13:19:17.444 ("['tcp_csum:70a6']", '13:19:17.385')
['tcp_csum:9953'] 13:21:12.533 ("['tcp_csum:9953']", '13:19:17.385')
['tcp_csum:ee75'] 13:19:17.446 ("['tcp_csum:ee75']", '13:19:17.386')
['tcp_csum:e9b6'] 13:19:17.447 ("['tcp_csum:e9b6']", '13:19:17.387')
['tcp_csum:cf3f'] 13:20:10.213 ("['tcp_csum:cf3f']", '13:19:17.387')
['tcp_csum:9369'] 13:20:34.443 ("['tcp_csum:9369']", '13:19:17.388')
['tcp_csum:a52d'] 13:19:17.448 ("['tcp_csum:a52d']", '13:19:17.388')
['tcp_csum:9f1c'] 13:19:17.449 ("['tcp_csum:9f1c']", '13:19:17.389')
['tcp_csum:1d78'] 13:20:53.075 ("['tcp_csum:1d78']", '13:19:17.389')
['tcp_csum:c5fc'] 13:19:21.394 ("['tcp_csum:c5fc']", '13:19:17.390')
['tcp_csum:47e'] 13:19:17.450 ("['tcp_csum:47e']", '13:19:17.390')
['tcp_csum:c501'] 13:19:17.452 ("['tcp_csum:c501']", '13:19:17.392')
['tcp_csum:7d17'] 13:21:21.940 ("['tcp_csum:7d17']", '13:19:17.392')
['tcp_csum:9f51'] 13:19:17.453 ("['tcp_csum:9f51']", '13:19:17.393')
['tcp_csum:f108'] 13:21:05.806 ("['tcp_csum:f108']", '13:19:17.393')
['tcp_csum:2822'] 13:19:17.455 ("['tcp_csum:2822']", '13:19:17.394')
['tcp_csum:81ef'] 13:20:00.002 ("['tcp_csum:81ef']", '13:19:17.394')
['tcp_csum:87'] 13:19:17.455 ("['tcp_csum:87']", '13:19:17.395')
['tcp_csum:314d'] 13:19:17.457 ("['tcp_csum:314d']", '13:19:17.397')
['tcp_csum:a89f'] 13:19:17.458 ("['tcp_csum:a89f']", '13:19:17.399')
['tcp_csum:972e'] 13:19:17.459 ("['tcp_csum:972e']", '13:19:17.401')
['tcp_csum:e258'] 13:19:17.460 ("['tcp_csum:e258']", '13:19:17.404')
['tcp_csum:741b'] 13:19:17.461 ("['tcp_csum:741b']", '13:19:17.406')
['tcp_csum:9eea'] 13:19:17.462 ("['tcp_csum:9eea']", '13:19:17.409')
['tcp_csum:c63b'] 13:19:17.464 ("['tcp_csum:c63b']", '13:19:17.411')
['tcp_csum:7695'] 13:19:17.465 ("['tcp_csum:7695']", '13:19:17.414')
['tcp_csum:5645'] 13:19:17.466 ("['tcp_csum:5645']", '13:19:17.416')
['tcp_csum:ae70'] 13:19:17.467 ("['tcp_csum:ae70']", '13:19:17.418')
['tcp_csum:129f'] 13:19:17.469 ("['tcp_csum:129f']", '13:19:17.421')
['tcp_csum:fa0b'] 13:19:17.470 ("['tcp_csum:fa0b']", '13:19:17.423')
['tcp_csum:a9e9'] 13:19:17.471 ("['tcp_csum:a9e9']", '13:19:17.426')
['tcp_csum:7f00'] 13:19:17.472 ("['tcp_csum:7f00']", '13:19:17.428')
['tcp_csum:1506'] 13:19:17.473 ("['tcp_csum:1506']", '13:19:17.431')
['tcp_csum:13c0'] 13:19:17.475 ("['tcp_csum:13c0']", '13:19:17.433')
['tcp_csum:3693'] 13:19:17.476 ("['tcp_csum:3693']", '13:19:17.435')
['tcp_csum:35ed'] 13:19:17.477 ("['tcp_csum:35ed']", '13:19:17.438')
['tcp_csum:a9dc'] 13:19:17.478 ("['tcp_csum:a9dc']", '13:19:17.440')
['tcp_csum:3abd'] 13:19:17.480 ("['tcp_csum:3abd']", '13:19:17.444')
['tcp_csum:a6b6'] 13:19:17.481 ("['tcp_csum:a6b6']", '13:19:17.444')
['tcp_csum:3c1'] 13:19:17.483 ("['tcp_csum:3c1']", '13:19:17.445')
['tcp_csum:c76f'] 13:19:17.482 ("['tcp_csum:c76f']", '13:19:17.445')
['tcp_csum:4f17'] 13:19:17.484 ("['tcp_csum:4f17']", '13:19:17.446')
['tcp_csum:caf1'] 13:19:17.485 ("['tcp_csum:caf1']", '13:19:17.446')
['tcp_csum:99af'] 13:19:17.488 ("['tcp_csum:99af']", '13:19:17.448')
['tcp_csum:1558'] 13:19:17.489 ("['tcp_csum:1558']", '13:19:17.448')
['tcp_csum:f0a1'] 13:19:17.487 ("['tcp_csum:f0a1']", '13:19:17.448')
['tcp_csum:62e7'] 13:19:17.490 ("['tcp_csum:62e7']", '13:19:17.448')
['tcp_csum:a176'] 13:19:17.493 ("['tcp_csum:a176']", '13:19:17.450')
['tcp_csum:e837'] 13:19:17.492 ("['tcp_csum:e837']", '13:19:17.450')
['tcp_csum:135'] 13:19:17.494 ("['tcp_csum:135']", '13:19:17.451')
['tcp_csum:7228'] 13:19:17.495 ("['tcp_csum:7228']", '13:19:17.451')
['tcp_csum:8496'] 13:19:17.496 ("['tcp_csum:8496']", '13:19:17.452')
['tcp_csum:20c3'] 13:19:17.498 ("['tcp_csum:20c3']", '13:19:17.452')
['tcp_csum:ec28'] 13:19:17.500 ("['tcp_csum:ec28']", '13:19:17.453')
['tcp_csum:861a'] 13:19:17.499 ("['tcp_csum:861a']", '13:19:17.453')
['tcp_csum:591a'] 13:19:17.502 ("['tcp_csum:591a']", '13:19:17.454')
['tcp_csum:2a8e'] 13:19:17.501 ("['tcp_csum:2a8e']", '13:19:17.454')
['tcp_csum:eb16'] 13:19:17.504 ("['tcp_csum:eb16']", '13:19:17.456')
['tcp_csum:d8fd'] 13:19:17.505 ("['tcp_csum:d8fd']", '13:19:17.456')
['tcp_csum:679f'] 13:19:17.507 ("['tcp_csum:679f']", '13:19:17.457')
['tcp_csum:b9a6'] 13:19:17.506 ("['tcp_csum:b9a6']", '13:19:17.457')
['tcp_csum:c8ec'] 13:19:17.510 ("['tcp_csum:c8ec']", '13:19:17.458')
['tcp_csum:9daa'] 13:19:17.508 ("['tcp_csum:9daa']", '13:19:17.458')
['tcp_csum:8405'] 13:19:17.512 ("['tcp_csum:8405']", '13:19:17.459')
['tcp_csum:4713'] 13:19:17.511 ("['tcp_csum:4713']", '13:19:17.459')
['tcp_csum:95da'] 13:19:17.513 ("['tcp_csum:95da']", '13:19:17.461')
['tcp_csum:a3ec'] 13:19:17.515 ("['tcp_csum:a3ec']", '13:19:17.461')
['tcp_csum:98b7'] 13:19:17.517 ("['tcp_csum:98b7']", '13:19:17.462')
['tcp_csum:4de1'] 13:19:17.516 ("['tcp_csum:4de1']", '13:19:17.462')
['tcp_csum:cea7'] 13:19:17.519 ("['tcp_csum:cea7']", '13:19:17.463')
['tcp_csum:57d7'] 13:19:17.518 ("['tcp_csum:57d7']", '13:19:17.463')
['tcp_csum:1ce2'] 13:19:17.522 ("['tcp_csum:1ce2']", '13:19:17.464')
['tcp_csum:92d1'] 13:19:17.521 ("['tcp_csum:92d1']", '13:19:17.464')
['tcp_csum:7c85'] 13:19:17.524 ("['tcp_csum:7c85']", '13:19:17.465')
['tcp_csum:c566'] 13:19:17.523 ("['tcp_csum:c566']", '13:19:17.465')
['tcp_csum:f074'] 13:19:17.525 ("['tcp_csum:f074']", '13:19:17.467')
['tcp_csum:ed54'] 13:19:17.527 ("['tcp_csum:ed54']", '13:19:17.468')
['tcp_csum:f160'] 13:19:17.528 ("['tcp_csum:f160']", '13:19:17.469')
['tcp_csum:e0c'] 13:19:17.529 ("['tcp_csum:e0c']", '13:19:17.470')
['tcp_csum:1ca4'] 13:19:17.530 ("['tcp_csum:1ca4']", '13:19:17.471')
['tcp_csum:4a57'] 13:19:17.531 ("['tcp_csum:4a57']", '13:19:17.473')
['tcp_csum:b607'] 13:19:17.533 ("['tcp_csum:b607']", '13:19:17.474')
['tcp_csum:95ab'] 13:19:17.534 ("['tcp_csum:95ab']", '13:19:17.475')
['tcp_csum:7d41'] 13:19:17.535 ("['tcp_csum:7d41']", '13:19:17.476')
['tcp_csum:1180'] 13:19:17.536 ("['tcp_csum:1180']", '13:19:17.478')
['tcp_csum:8088'] 13:19:17.538 ("['tcp_csum:8088']", '13:19:17.479')
['tcp_csum:372e'] 13:19:17.539 ("['tcp_csum:372e']", '13:19:17.480')
['tcp_csum:56f8'] 13:19:17.540 ("['tcp_csum:56f8']", '13:19:17.481')
['tcp_csum:e037'] 13:19:17.541 ("['tcp_csum:e037']", '13:19:17.482')
['tcp_csum:ce4a'] 13:19:17.542 ("['tcp_csum:ce4a']", '13:19:17.484')
['tcp_csum:5bdd'] 13:19:17.544 ("['tcp_csum:5bdd']", '13:19:17.485')
['tcp_csum:bcd9'] 13:19:17.545 ("['tcp_csum:bcd9']", '13:19:17.486')
['tcp_csum:a968'] 13:19:17.546 ("['tcp_csum:a968']", '13:19:17.487')
['tcp_csum:806'] 13:19:17.548 ("['tcp_csum:806']", '13:19:17.488')
['tcp_csum:2eb6'] 13:19:17.548 ("['tcp_csum:2eb6']", '13:19:17.490')
['tcp_csum:99c6'] 13:19:17.550 ("['tcp_csum:99c6']", '13:19:17.491')
['tcp_csum:e7f0'] 13:19:17.551 ("['tcp_csum:e7f0']", '13:19:17.492')
['tcp_csum:c497'] 13:19:17.552 ("['tcp_csum:c497']", '13:19:17.493')
['tcp_csum:47ac'] 13:19:17.553 ("['tcp_csum:47ac']", '13:19:17.494')
['tcp_csum:ebe6'] 13:19:17.555 ("['tcp_csum:ebe6']", '13:19:17.496')
['tcp_csum:b89a'] 13:19:17.556 ("['tcp_csum:b89a']", '13:19:17.497')
['tcp_csum:9c40'] 13:19:17.557 ("['tcp_csum:9c40']", '13:19:17.498')
['tcp_csum:cb06'] 13:19:17.558 ("['tcp_csum:cb06']", '13:19:17.499')
['tcp_csum:7bf1'] 13:19:17.562 ("['tcp_csum:7bf1']", '13:19:17.500')
['tcp_csum:672d'] 13:19:17.562 ("['tcp_csum:672d']", '13:19:17.502')
['tcp_csum:d41b'] 13:19:17.562 ("['tcp_csum:d41b']", '13:19:17.503')
['tcp_csum:cc82'] 13:19:17.563 ("['tcp_csum:cc82']", '13:19:17.504')
['tcp_csum:384c'] 13:19:17.564 ("['tcp_csum:384c']", '13:19:17.505')
['tcp_csum:328b'] 13:19:17.565 ("['tcp_csum:328b']", '13:19:17.507')
['tcp_csum:1fb7'] 13:19:17.567 ("['tcp_csum:1fb7']", '13:19:17.508')
['tcp_csum:70f0'] 13:19:17.568 ("['tcp_csum:70f0']", '13:19:17.509')
['tcp_csum:cf95'] 13:19:17.569 ("['tcp_csum:cf95']", '13:19:17.510')
['tcp_csum:9f77'] 13:19:17.570 ("['tcp_csum:9f77']", '13:19:17.511')
['tcp_csum:a4ab'] 13:19:17.571 ("['tcp_csum:a4ab']", '13:19:17.513')
['tcp_csum:3171'] 13:19:17.573 ("['tcp_csum:3171']", '13:19:17.514')
['tcp_csum:3ab1'] 13:19:17.574 ("['tcp_csum:3ab1']", '13:19:17.515')
['tcp_csum:1f54'] 13:19:17.575 ("['tcp_csum:1f54']", '13:19:17.516')
['tcp_csum:396c'] 13:19:17.576 ("['tcp_csum:396c']", '13:19:17.517')
['tcp_csum:fff8'] 13:19:17.578 ("['tcp_csum:fff8']", '13:19:17.519')
['tcp_csum:5c46'] 13:19:17.579 ("['tcp_csum:5c46']", '13:19:17.520')
['tcp_csum:aded'] 13:19:17.580 ("['tcp_csum:aded']", '13:19:17.521')
['tcp_csum:8488'] 13:19:17.581 ("['tcp_csum:8488']", '13:19:17.522')
['tcp_csum:e3f4'] 13:19:17.582 ("['tcp_csum:e3f4']", '13:19:17.523')
['tcp_csum:b7a7'] 13:19:17.584 ("['tcp_csum:b7a7']", '13:19:17.525')
['tcp_csum:f33'] 13:19:17.585 ("['tcp_csum:f33']", '13:19:17.526')
['tcp_csum:f6aa'] 13:19:17.586 ("['tcp_csum:f6aa']", '13:19:17.527')
['tcp_csum:8d57'] 13:19:17.587 ("['tcp_csum:8d57']", '13:19:17.528')
['tcp_csum:a8d0'] 13:19:17.588 ("['tcp_csum:a8d0']", '13:19:17.530')
['tcp_csum:ca43'] 13:19:17.590 ("['tcp_csum:ca43']", '13:19:17.531')
['tcp_csum:33ed'] 13:19:17.591 ("['tcp_csum:33ed']", '13:19:17.532')
['tcp_csum:dc18'] 13:19:17.592 ("['tcp_csum:dc18']", '13:19:17.533')
['tcp_csum:2dd7'] 13:19:17.593 ("['tcp_csum:2dd7']", '13:19:17.534')
['tcp_csum:ea24'] 13:19:17.594 ("['tcp_csum:ea24']", '13:19:17.536')
['tcp_csum:dd1f'] 13:19:17.596 ("['tcp_csum:dd1f']", '13:19:17.537')
['tcp_csum:80cf'] 13:19:17.597 ("['tcp_csum:80cf']", '13:19:17.538')
['tcp_csum:9417'] 13:19:17.598 ("['tcp_csum:9417']", '13:19:17.538')
['tcp_csum:b63e'] 13:19:17.599 ("['tcp_csum:b63e']", '13:19:17.539')
['tcp_csum:dee8'] 13:19:17.601 ("['tcp_csum:dee8']", '13:19:17.540')
['tcp_csum:340b'] 13:19:17.602 ("['tcp_csum:340b']", '13:19:17.542')
['tcp_csum:9e05'] 13:19:17.603 ("['tcp_csum:9e05']", '13:19:17.543')
['tcp_csum:2f4b'] 13:19:17.604 ("['tcp_csum:2f4b']", '13:19:17.544')
['tcp_csum:14d2'] 13:19:17.605 ("['tcp_csum:14d2']", '13:19:17.545')
['tcp_csum:eabd'] 13:19:17.607 ("['tcp_csum:eabd']", '13:19:17.547')
['tcp_csum:d8f7'] 13:19:17.608 ("['tcp_csum:d8f7']", '13:19:17.548')
['tcp_csum:e4aa'] 13:19:17.609 ("['tcp_csum:e4aa']", '13:19:17.549')
['tcp_csum:6304'] 13:19:17.610 ("['tcp_csum:6304']", '13:19:17.550')
['tcp_csum:4a12'] 13:19:17.611 ("['tcp_csum:4a12']", '13:19:17.551')
['tcp_csum:b8d'] 13:19:17.613 ("['tcp_csum:b8d']", '13:19:17.553')
['tcp_csum:3f1c'] 13:19:17.614 ("['tcp_csum:3f1c']", '13:19:17.554')
['tcp_csum:3144'] 13:19:17.615 ("['tcp_csum:3144']", '13:19:17.555')
['tcp_csum:3c25'] 13:19:17.616 ("['tcp_csum:3c25']", '13:19:17.556')
['tcp_csum:bc57'] 13:19:17.617 ("['tcp_csum:bc57']", '13:19:17.557')
['tcp_csum:9a84'] 13:19:17.619 ("['tcp_csum:9a84']", '13:19:17.559')
['tcp_csum:e8da'] 13:19:17.620 ("['tcp_csum:e8da']", '13:19:17.560')
['tcp_csum:5f8a'] 13:19:17.621 ("['tcp_csum:5f8a']", '13:19:17.561')
['tcp_csum:b4b2'] 13:19:17.622 ("['tcp_csum:b4b2']", '13:19:17.562')
['tcp_csum:fa07'] 13:19:17.624 ("['tcp_csum:fa07']", '13:19:17.563')
['tcp_csum:2dc1'] 13:19:17.625 ("['tcp_csum:2dc1']", '13:19:17.565')
['tcp_csum:2b4e'] 13:19:17.626 ("['tcp_csum:2b4e']", '13:19:17.566')
['tcp_csum:fc0b'] 13:19:17.627 ("['tcp_csum:fc0b']", '13:19:17.567')
['tcp_csum:8244'] 13:19:17.628 ("['tcp_csum:8244']", '13:19:17.568')
['tcp_csum:978e'] 13:19:17.630 ("['tcp_csum:978e']", '13:19:17.569')
['tcp_csum:df15'] 13:19:17.631 ("['tcp_csum:df15']", '13:19:17.571')
['tcp_csum:92e'] 13:19:17.632 ("['tcp_csum:92e']", '13:19:17.572')
['tcp_csum:8c4e'] 13:19:17.633 ("['tcp_csum:8c4e']", '13:19:17.573')
['tcp_csum:b374'] 13:19:17.634 ("['tcp_csum:b374']", '13:19:17.574')
['tcp_csum:8dca'] 13:19:17.636 ("['tcp_csum:8dca']", '13:19:17.576')
['tcp_csum:d13e'] 13:19:17.637 ("['tcp_csum:d13e']", '13:19:17.577')
['tcp_csum:b4f6'] 13:19:17.638 ("['tcp_csum:b4f6']", '13:19:17.578')
['tcp_csum:2012'] 13:19:17.641 ("['tcp_csum:2012']", '13:19:17.580')
['tcp_csum:6733'] 13:19:17.642 ("['tcp_csum:6733']", '13:19:17.582')
['tcp_csum:eeb1'] 13:19:17.643 ("['tcp_csum:eeb1']", '13:19:17.583')
['tcp_csum:3ad1'] 13:19:17.644 ("['tcp_csum:3ad1']", '13:19:17.584')
['tcp_csum:f411'] 13:19:17.645 ("['tcp_csum:f411']", '13:19:17.585')
['tcp_csum:71ac'] 13:19:17.647 ("['tcp_csum:71ac']", '13:19:17.586')
['tcp_csum:14e'] 13:19:17.648 ("['tcp_csum:14e']", '13:19:17.588')
['tcp_csum:c54f'] 13:19:17.649 ("['tcp_csum:c54f']", '13:19:17.589')
['tcp_csum:4045'] 13:19:17.650 ("['tcp_csum:4045']", '13:19:17.590')
['tcp_csum:9a20'] 13:19:17.651 ("['tcp_csum:9a20']", '13:19:17.591')
['tcp_csum:ecf0'] 13:19:17.653 ("['tcp_csum:ecf0']", '13:19:17.592')
['tcp_csum:4f57'] 13:19:17.654 ("['tcp_csum:4f57']", '13:19:17.594')
['tcp_csum:20bc'] 13:19:17.655 ("['tcp_csum:20bc']", '13:19:17.595')
['tcp_csum:abbf'] 13:19:17.656 ("['tcp_csum:abbf']", '13:19:17.596')
['tcp_csum:51c9'] 13:19:17.657 ("['tcp_csum:51c9']", '13:19:17.597')
['tcp_csum:f881'] 13:19:17.659 ("['tcp_csum:f881']", '13:19:17.599')
['tcp_csum:71ba'] 13:19:17.660 ("['tcp_csum:71ba']", '13:19:17.600')
['tcp_csum:2d95'] 13:19:17.661 ("['tcp_csum:2d95']", '13:19:17.601')
['tcp_csum:e5a8'] 13:19:17.662 ("['tcp_csum:e5a8']", '13:19:17.602')
['tcp_csum:7e2'] 13:19:17.664 ("['tcp_csum:7e2']", '13:19:17.603')
['tcp_csum:5996'] 13:19:17.665 ("['tcp_csum:5996']", '13:19:17.605')
['tcp_csum:90af'] 13:19:17.666 ("['tcp_csum:90af']", '13:19:17.606')
['tcp_csum:ea7a'] 13:19:17.667 ("['tcp_csum:ea7a']", '13:19:17.607')
['tcp_csum:5672'] 13:21:32.068 ("['tcp_csum:5672']", '13:19:17.608')
['tcp_csum:6912'] 13:19:17.668 ("['tcp_csum:6912']", '13:19:17.608')
['tcp_csum:5a7c'] 13:19:17.670 ("['tcp_csum:5a7c']", '13:19:17.609')
['tcp_csum:7727'] 13:19:17.671 ("['tcp_csum:7727']", '13:19:17.611')
['tcp_csum:85c0'] 13:19:17.672 ("['tcp_csum:85c0']", '13:19:17.612')
['tcp_csum:1f25'] 13:19:17.674 ("['tcp_csum:1f25']", '13:19:17.614')
['tcp_csum:fec6'] 13:19:17.676 ("['tcp_csum:fec6']", '13:19:17.616')
['tcp_csum:e65c'] 13:19:17.677 ("['tcp_csum:e65c']", '13:19:17.617')
['tcp_csum:7a9d'] 13:19:17.678 ("['tcp_csum:7a9d']", '13:19:17.618')
['tcp_csum:e9a5'] 13:19:17.679 ("['tcp_csum:e9a5']", '13:19:17.619')
['tcp_csum:a04b'] 13:19:17.680 ("['tcp_csum:a04b']", '13:19:17.620')
['tcp_csum:c013'] 13:19:17.682 ("['tcp_csum:c013']", '13:19:17.622')
['tcp_csum:4953'] 13:19:17.683 ("['tcp_csum:4953']", '13:19:17.623')
['tcp_csum:3768'] 13:19:17.684 ("['tcp_csum:3768']", '13:19:17.624')
['tcp_csum:c4fa'] 13:19:17.685 ("['tcp_csum:c4fa']", '13:19:17.625')
['tcp_csum:25f6'] 13:19:17.687 ("['tcp_csum:25f6']", '13:19:17.626')
['tcp_csum:1284'] 13:19:17.688 ("['tcp_csum:1284']", '13:19:17.628')
['tcp_csum:7121'] 13:19:17.689 ("['tcp_csum:7121']", '13:19:17.629')
['tcp_csum:97d3'] 13:19:17.690 ("['tcp_csum:97d3']", '13:19:17.630')
['tcp_csum:2e4'] 13:19:17.691 ("['tcp_csum:2e4']", '13:19:17.631')
['tcp_csum:510c'] 13:19:17.693 ("['tcp_csum:510c']", '13:19:17.633')
['tcp_csum:2db3'] 13:19:17.694 ("['tcp_csum:2db3']", '13:19:17.634')
['tcp_csum:b0c8'] 13:19:17.695 ("['tcp_csum:b0c8']", '13:19:17.635')
['tcp_csum:5504'] 13:19:17.696 ("['tcp_csum:5504']", '13:19:17.636')
['tcp_csum:21b8'] 13:19:17.697 ("['tcp_csum:21b8']", '13:19:17.637')
['tcp_csum:55c'] 13:19:17.699 ("['tcp_csum:55c']", '13:19:17.639')
['tcp_csum:3422'] 13:19:17.700 ("['tcp_csum:3422']", '13:19:17.640')
['tcp_csum:e50d'] 13:19:17.701 ("['tcp_csum:e50d']", '13:19:17.641')
['tcp_csum:d04a'] 13:19:17.702 ("['tcp_csum:d04a']", '13:19:17.643')
['tcp_csum:3d38'] 13:19:17.704 ("['tcp_csum:3d38']", '13:19:17.643')
['tcp_csum:359e'] 13:19:17.705 ("['tcp_csum:359e']", '13:19:17.645')
['tcp_csum:a167'] 13:19:17.706 ("['tcp_csum:a167']", '13:19:17.646')
['tcp_csum:9ba8'] 13:19:17.707 ("['tcp_csum:9ba8']", '13:19:17.647')
['tcp_csum:88d4'] 13:19:17.708 ("['tcp_csum:88d4']", '13:19:17.648')
['tcp_csum:da0b'] 13:19:17.710 ("['tcp_csum:da0b']", '13:19:17.649')
['tcp_csum:38b1'] 13:19:17.711 ("['tcp_csum:38b1']", '13:19:17.651')
['tcp_csum:894'] 13:19:17.712 ("['tcp_csum:894']", '13:19:17.652')
['tcp_csum:dc9'] 13:19:17.713 ("['tcp_csum:dc9']", '13:19:17.653')
['tcp_csum:9a8e'] 13:19:17.714 ("['tcp_csum:9a8e']", '13:19:17.654')
['tcp_csum:a3cc'] 13:19:17.716 ("['tcp_csum:a3cc']", '13:19:17.655')
['tcp_csum:886f'] 13:19:17.717 ("['tcp_csum:886f']", '13:19:17.657')
['tcp_csum:a288'] 13:19:17.718 ("['tcp_csum:a288']", '13:19:17.658')
['tcp_csum:6916'] 13:19:17.719 ("['tcp_csum:6916']", '13:19:17.659')
['tcp_csum:c563'] 13:19:17.720 ("['tcp_csum:c563']", '13:19:17.660')
['tcp_csum:1709'] 13:19:17.722 ("['tcp_csum:1709']", '13:19:17.662')
['tcp_csum:eda3'] 13:19:17.723 ("['tcp_csum:eda3']", '13:19:17.663')
['tcp_csum:4d12'] 13:19:17.724 ("['tcp_csum:4d12']", '13:19:17.664')
['tcp_csum:20c5'] 13:19:17.725 ("['tcp_csum:20c5']", '13:19:17.665')
['tcp_csum:784f'] 13:19:17.726 ("['tcp_csum:784f']", '13:19:17.666')
['tcp_csum:5fc6'] 13:19:17.728 ("['tcp_csum:5fc6']", '13:19:17.668')
['tcp_csum:f672'] 13:19:17.729 ("['tcp_csum:f672']", '13:19:17.669')
['tcp_csum:11ee'] 13:19:17.730 ("['tcp_csum:11ee']", '13:19:17.670')
['tcp_csum:3361'] 13:19:17.731 ("['tcp_csum:3361']", '13:19:17.671')
['tcp_csum:9d08'] 13:19:17.733 ("['tcp_csum:9d08']", '13:19:17.672')
['tcp_csum:4534'] 13:19:17.734 ("['tcp_csum:4534']", '13:19:17.674')
['tcp_csum:96f3'] 13:19:17.735 ("['tcp_csum:96f3']", '13:19:17.675')
['tcp_csum:5342'] 13:19:17.736 ("['tcp_csum:5342']", '13:19:17.676')
['tcp_csum:463d'] 13:19:17.737 ("['tcp_csum:463d']", '13:19:17.677')
['tcp_csum:fd32'] 13:19:17.739 ("['tcp_csum:fd32']", '13:19:17.678')
['tcp_csum:1f5a'] 13:19:17.740 ("['tcp_csum:1f5a']", '13:19:17.680')
['tcp_csum:4805'] 13:19:17.741 ("['tcp_csum:4805']", '13:19:17.681')
['tcp_csum:55de'] 13:19:17.742 ("['tcp_csum:55de']", '13:19:17.682')
['tcp_csum:9d22'] 13:19:17.743 ("['tcp_csum:9d22']", '13:19:17.685')
['tcp_csum:71b'] 13:19:17.745 ("['tcp_csum:71b']", '13:19:17.687')
['tcp_csum:985d'] 13:19:17.746 ("['tcp_csum:985d']", '13:19:17.689')
['tcp_csum:7de1'] 13:19:17.747 ("['tcp_csum:7de1']", '13:19:17.692')
['tcp_csum:53cd'] 13:19:17.748 ("['tcp_csum:53cd']", '13:19:17.694')
['tcp_csum:4203'] 13:19:17.750 ("['tcp_csum:4203']", '13:19:17.697')
['tcp_csum:4db4'] 13:19:17.751 ("['tcp_csum:4db4']", '13:19:17.699')
['tcp_csum:cc09'] 13:19:17.752 ("['tcp_csum:cc09']", '13:19:17.702')
['tcp_csum:b315'] 13:19:17.753 ("['tcp_csum:b315']", '13:19:17.704')
['tcp_csum:7487'] 13:19:17.754 ("['tcp_csum:7487']", '13:19:17.706')
['tcp_csum:738b'] 13:19:17.756 ("['tcp_csum:738b']", '13:19:17.709')
['tcp_csum:2b9d'] 13:19:17.757 ("['tcp_csum:2b9d']", '13:19:17.711')
['tcp_csum:4dd3'] 13:19:17.758 ("['tcp_csum:4dd3']", '13:19:17.714')
['tcp_csum:9f86'] 13:19:17.759 ("['tcp_csum:9f86']", '13:19:17.716')
['tcp_csum:d69b'] 13:19:17.760 ("['tcp_csum:d69b']", '13:19:17.718')
['tcp_csum:3065'] 13:19:17.762 ("['tcp_csum:3065']", '13:19:17.721')
['tcp_csum:aefa'] 13:19:17.763 ("['tcp_csum:aefa']", '13:19:17.723')
['tcp_csum:9c54'] 13:19:17.764 ("['tcp_csum:9c54']", '13:19:17.726')
['tcp_csum:a05e'] 13:19:17.765 ("['tcp_csum:a05e']", '13:19:17.728')
['tcp_csum:bd05'] 13:19:17.766 ("['tcp_csum:bd05']", '13:19:17.731')
['tcp_csum:cb9c'] 13:19:17.768 ("['tcp_csum:cb9c']", '13:19:17.733')
['tcp_csum:f94c'] 13:19:17.769 ("['tcp_csum:f94c']", '13:19:17.735')
['tcp_csum:64fb'] 13:19:17.770 ("['tcp_csum:64fb']", '13:19:17.738')
['tcp_csum:449d'] 13:19:17.771 ("['tcp_csum:449d']", '13:19:17.740')
['tcp_csum:2c2f'] 13:19:17.773 ("['tcp_csum:2c2f']", '13:19:17.743')
['tcp_csum:c06d'] 13:19:17.774 ("['tcp_csum:c06d']", '13:19:17.745')
['tcp_csum:2f72'] 13:19:17.775 ("['tcp_csum:2f72']", '13:19:17.748')
['tcp_csum:e613'] 13:19:17.776 ("['tcp_csum:e613']", '13:19:17.751')
['tcp_csum:5dd'] 13:19:17.777 ("['tcp_csum:5dd']", '13:19:17.752')
['tcp_csum:8f1b'] 13:19:17.779 ("['tcp_csum:8f1b']", '13:19:17.754')
['tcp_csum:7d32'] 13:19:17.780 ("['tcp_csum:7d32']", '13:19:17.754')
['tcp_csum:ac5'] 13:19:17.781 ("['tcp_csum:ac5']", '13:19:17.755')
['tcp_csum:6bc1'] 13:19:17.782 ("['tcp_csum:6bc1']", '13:19:17.756')
['tcp_csum:5850'] 13:19:17.784 ("['tcp_csum:5850']", '13:19:17.757')
['tcp_csum:b6ec'] 13:19:17.785 ("['tcp_csum:b6ec']", '13:19:17.758')
['tcp_csum:dd9d'] 13:19:17.786 ("['tcp_csum:dd9d']", '13:19:17.760')
['tcp_csum:48ae'] 13:19:17.787 ("['tcp_csum:48ae']", '13:19:17.761')
['tcp_csum:96d8'] 13:19:17.788 ("['tcp_csum:96d8']", '13:19:17.762')
['tcp_csum:737f'] 13:19:17.790 ("['tcp_csum:737f']", '13:19:17.763')
['tcp_csum:f692'] 13:19:17.791 ("['tcp_csum:f692']", '13:19:17.765')
['tcp_csum:9ace'] 13:19:17.792 ("['tcp_csum:9ace']", '13:19:17.766')
['tcp_csum:6782'] 13:19:17.793 ("['tcp_csum:6782']", '13:19:17.767')
['tcp_csum:4b28'] 13:19:17.794 ("['tcp_csum:4b28']", '13:19:17.768')
['tcp_csum:79ed'] 13:19:17.796 ("['tcp_csum:79ed']", '13:19:17.769')
['tcp_csum:2ad8'] 13:19:17.797 ("['tcp_csum:2ad8']", '13:19:17.771')
['tcp_csum:1615'] 13:19:17.798 ("['tcp_csum:1615']", '13:19:17.772')
['tcp_csum:8303'] 13:19:17.799 ("['tcp_csum:8303']", '13:19:17.773')
['tcp_csum:7b6a'] 13:19:17.801 ("['tcp_csum:7b6a']", '13:19:17.774')
['tcp_csum:e732'] 13:19:17.802 ("['tcp_csum:e732']", '13:19:17.775')
['tcp_csum:e172'] 13:19:17.803 ("['tcp_csum:e172']", '13:19:17.777')
['tcp_csum:ce9e'] 13:19:17.804 ("['tcp_csum:ce9e']", '13:19:17.778')
['tcp_csum:1fd8'] 13:19:17.805 ("['tcp_csum:1fd8']", '13:19:17.779')
['tcp_csum:7e7d'] 13:19:17.807 ("['tcp_csum:7e7d']", '13:19:17.780')
['tcp_csum:4e5e'] 13:19:17.808 ("['tcp_csum:4e5e']", '13:19:17.782')
['tcp_csum:5393'] 13:19:17.809 ("['tcp_csum:5393']", '13:19:17.783')
['tcp_csum:e058'] 13:19:17.810 ("['tcp_csum:e058']", '13:19:17.784')
['tcp_csum:e998'] 13:19:17.811 ("['tcp_csum:e998']", '13:19:17.785')
['tcp_csum:ce3b'] 13:19:17.813 ("['tcp_csum:ce3b']", '13:19:17.786')
['tcp_csum:e852'] 13:19:17.814 ("['tcp_csum:e852']", '13:19:17.788')
['tcp_csum:aee0'] 13:19:17.815 ("['tcp_csum:aee0']", '13:19:17.789')
['tcp_csum:b2e'] 13:19:17.816 ("['tcp_csum:b2e']", '13:19:17.790')
['tcp_csum:5cd5'] 13:19:17.817 ("['tcp_csum:5cd5']", '13:19:17.791')
['tcp_csum:3372'] 13:19:17.819 ("['tcp_csum:3372']", '13:19:17.791')
['tcp_csum:92df'] 13:19:17.820 ("['tcp_csum:92df']", '13:19:17.793')
['tcp_csum:6691'] 13:19:17.821 ("['tcp_csum:6691']", '13:19:17.794')
['tcp_csum:be1c'] 13:19:17.822 ("['tcp_csum:be1c']", '13:19:17.795')
['tcp_csum:a594'] 13:19:17.824 ("['tcp_csum:a594']", '13:19:17.796')
['tcp_csum:3c41'] 13:19:17.825 ("['tcp_csum:3c41']", '13:19:17.797')
['tcp_csum:57ba'] 13:19:17.826 ("['tcp_csum:57ba']", '13:19:17.799')
['tcp_csum:792d'] 13:19:17.827 ("['tcp_csum:792d']", '13:19:17.800')
['tcp_csum:e2d6'] 13:19:17.828 ("['tcp_csum:e2d6']", '13:19:17.801')
['tcp_csum:8b02'] 13:19:17.830 ("['tcp_csum:8b02']", '13:19:17.802')
['tcp_csum:dcc1'] 13:19:17.831 ("['tcp_csum:dcc1']", '13:19:17.803')
['tcp_csum:990e'] 13:19:17.832 ("['tcp_csum:990e']", '13:19:17.805')
['tcp_csum:8c09'] 13:19:17.833 ("['tcp_csum:8c09']", '13:19:17.806')
['tcp_csum:4301'] 13:19:17.834 ("['tcp_csum:4301']", '13:19:17.807')
['tcp_csum:6528'] 13:19:17.836 ("['tcp_csum:6528']", '13:19:17.808')
['tcp_csum:8dd2'] 13:19:17.837 ("['tcp_csum:8dd2']", '13:19:17.810')
['tcp_csum:e2f4'] 13:19:17.838 ("['tcp_csum:e2f4']", '13:19:17.811')
['tcp_csum:4cef'] 13:19:17.839 ("['tcp_csum:4cef']", '13:19:17.812')
['tcp_csum:de34'] 13:19:17.840 ("['tcp_csum:de34']", '13:19:17.813')
['tcp_csum:c3bb'] 13:19:17.842 ("['tcp_csum:c3bb']", '13:19:17.814')
['tcp_csum:99a8'] 13:19:17.843 ("['tcp_csum:99a8']", '13:19:17.816')
['tcp_csum:87e1'] 13:19:17.844 ("['tcp_csum:87e1']", '13:19:17.817')
['tcp_csum:9394'] 13:19:17.845 ("['tcp_csum:9394']", '13:19:17.818')
['tcp_csum:f8fb'] 13:19:17.848 ("['tcp_csum:f8fb']", '13:19:17.820')
['tcp_csum:ba76'] 13:19:17.849 ("['tcp_csum:ba76']", '13:19:17.822')
['tcp_csum:ee05'] 13:19:17.850 ("['tcp_csum:ee05']", '13:19:17.823')
['tcp_csum:e02d'] 13:19:17.851 ("['tcp_csum:e02d']", '13:19:17.824')
['tcp_csum:eb0e'] 13:19:17.853 ("['tcp_csum:eb0e']", '13:19:17.825')
['tcp_csum:6b42'] 13:19:17.854 ("['tcp_csum:6b42']", '13:19:17.826')
['tcp_csum:496e'] 13:19:17.855 ("['tcp_csum:496e']", '13:19:17.828')
['tcp_csum:e74'] 13:19:17.867 ("['tcp_csum:e74']", '13:19:17.830')
['tcp_csum:639e'] 13:19:17.867 ("['tcp_csum:639e']", '13:19:17.830')
['tcp_csum:a8f4'] 13:19:17.867 ("['tcp_csum:a8f4']", '13:19:17.831')
['tcp_csum:dcad'] 13:19:17.867 ("['tcp_csum:dcad']", '13:19:17.833')
['tcp_csum:da39'] 13:19:17.867 ("['tcp_csum:da39']", '13:19:17.834')
['tcp_csum:aaf7'] 13:19:17.867 ("['tcp_csum:aaf7']", '13:19:17.835')
['tcp_csum:3130'] 13:19:17.867 ("['tcp_csum:3130']", '13:19:17.836')
['tcp_csum:467c'] 13:19:17.867 ("['tcp_csum:467c']", '13:19:17.837')
['tcp_csum:8e02'] 13:19:17.867 ("['tcp_csum:8e02']", '13:19:17.839')
['tcp_csum:b819'] 13:19:17.868 ("['tcp_csum:b819']", '13:19:17.840')
['tcp_csum:3b3a'] 13:19:17.870 ("['tcp_csum:3b3a']", '13:19:17.841')
['tcp_csum:6260'] 13:19:17.871 ("['tcp_csum:6260']", '13:19:17.842')
['tcp_csum:3cb8'] 13:19:17.872 ("['tcp_csum:3cb8']", '13:19:17.844')
['tcp_csum:802a'] 13:19:17.873 ("['tcp_csum:802a']", '13:19:17.845')
['tcp_csum:63e2'] 13:19:17.874 ("['tcp_csum:63e2']", '13:19:17.846')
['tcp_csum:ee9f'] 13:19:17.876 ("['tcp_csum:ee9f']", '13:19:17.847')
['tcp_csum:3cd3'] 13:19:17.877 ("['tcp_csum:3cd3']", '13:19:17.848')
['tcp_csum:f4e6'] 13:19:17.878 ("['tcp_csum:f4e6']", '13:19:17.849')
['tcp_csum:171f'] 13:19:17.879 ("['tcp_csum:171f']", '13:19:17.851')
['tcp_csum:68d4'] 13:19:17.880 ("['tcp_csum:68d4']", '13:19:17.852')
['tcp_csum:9fed'] 13:19:17.882 ("['tcp_csum:9fed']", '13:19:17.853')
['tcp_csum:f9b8'] 13:19:17.883 ("['tcp_csum:f9b8']", '13:19:17.854')
['tcp_csum:89d9'] 13:19:17.895 ("['tcp_csum:89d9']", '13:19:17.867')
['tcp_csum:c2af'] 13:19:17.890 ("['tcp_csum:c2af']", '13:19:17.867')
['tcp_csum:8663'] 13:19:17.888 ("['tcp_csum:8663']", '13:19:17.867')
['tcp_csum:65ac'] 13:19:17.885 ("['tcp_csum:65ac']", '13:19:17.867')
['tcp_csum:2e5f'] 13:19:17.891 ("['tcp_csum:2e5f']", '13:19:17.867')
['tcp_csum:e03'] 13:19:17.892 ("['tcp_csum:e03']", '13:19:17.867')
['tcp_csum:f598'] 13:19:17.894 ("['tcp_csum:f598']", '13:19:17.867')
['tcp_csum:94fc'] 13:19:17.889 ("['tcp_csum:94fc']", '13:19:17.867')
