14:36:48.230 ['tcp_csum:14ae'] 0:00:00.020000
14:36:48.230 ['tcp_csum:9bd0'] 0:00:00
14:36:48.270 ['tcp_csum:f1c9'] 0:00:00.040000
14:36:48.270 ['tcp_csum:efe0'] 0:00:00
14:36:48.270 ['tcp_csum:ef2d'] 0:00:00
14:36:48.270 ['tcp_csum:9a8e'] 0:00:00
14:36:48.270 ['tcp_csum:4e64'] 0:00:00
14:36:48.270 ['tcp_csum:faa3'] 0:00:00
14:36:48.270 ['tcp_csum:11b8'] 0:00:00
14:36:48.270 ['tcp_csum:6e1c'] 0:00:00
14:36:48.270 ['tcp_csum:35a9'] 0:00:00
14:36:48.270 ['tcp_csum:f2c0'] 0:00:00
14:36:48.291 ['tcp_csum:c07b'] 0:00:00.021000
14:36:48.291 ['tcp_csum:d81d'] 0:00:00
14:36:48.291 ['tcp_csum:e0b4'] 0:00:00
14:36:48.291 ['tcp_csum:9572'] 0:00:00
14:36:48.292 ['tcp_csum:884b'] 0:00:00.001000
14:36:48.292 ['tcp_csum:7c54'] 0:00:00
14:36:48.293 ['tcp_csum:465c'] 0:00:00.001000
14:36:48.293 ['tcp_csum:b1dc'] 0:00:00
14:36:48.294 ['tcp_csum:6a1d'] 0:00:00.001000
14:36:48.294 ['tcp_csum:5d02'] 0:00:00
14:36:48.295 ['tcp_csum:41dd'] 0:00:00.001000
14:36:48.295 ['tcp_csum:e552'] 0:00:00
14:36:48.297 ['tcp_csum:ac40'] 0:00:00.002000
14:36:48.297 ['tcp_csum:1f64'] 0:00:00
14:36:48.298 ['tcp_csum:5373'] 0:00:00.001000
14:36:48.298 ['tcp_csum:c8f5'] 0:00:00
14:36:48.299 ['tcp_csum:224b'] 0:00:00.001000
14:36:48.299 ['tcp_csum:68bf'] 0:00:00
14:36:48.300 ['tcp_csum:7143'] 0:00:00.001000
14:36:48.300 ['tcp_csum:3128'] 0:00:00
14:36:48.311 ['tcp_csum:4bf6'] 0:00:00.011000
14:36:48.311 ['tcp_csum:d116'] 0:00:00
14:36:48.311 ['tcp_csum:2a08'] 0:00:00
14:36:48.311 ['tcp_csum:8f42'] 0:00:00
14:36:48.311 ['tcp_csum:715'] 0:00:00
14:36:48.311 ['tcp_csum:773a'] 0:00:00
14:36:48.314 ['tcp_csum:826b'] 0:00:00.003000
14:36:48.314 ['tcp_csum:fa31'] 0:00:00
14:36:48.315 ['tcp_csum:b262'] 0:00:00.001000
14:36:48.315 ['tcp_csum:db09'] 0:00:00
14:36:48.316 ['tcp_csum:f19'] 0:00:00.001000
14:36:48.316 ['tcp_csum:d30'] 0:00:00
14:36:48.317 ['tcp_csum:c7b'] 0:00:00.001000
14:36:48.317 ['tcp_csum:b7db'] 0:00:00
14:36:48.319 ['tcp_csum:6baf'] 0:00:00.002000
14:36:48.319 ['tcp_csum:17ef'] 0:00:00
14:36:48.320 ['tcp_csum:2f00'] 0:00:00.001000
14:36:48.320 ['tcp_csum:8b64'] 0:00:00
14:36:48.321 ['tcp_csum:52ee'] 0:00:00.001000
14:36:48.321 ['tcp_csum:1006'] 0:00:00
14:36:48.322 ['tcp_csum:de03'] 0:00:00.001000
14:36:48.322 ['tcp_csum:f59d'] 0:00:00
14:36:48.323 ['tcp_csum:fe32'] 0:00:00.001000
14:36:48.323 ['tcp_csum:b2e8'] 0:00:00
14:36:48.325 ['tcp_csum:bfd8'] 0:00:00.002000
14:36:48.325 ['tcp_csum:bdef'] 0:00:00
14:36:48.326 ['tcp_csum:bd3a'] 0:00:00.001000
14:36:48.326 ['tcp_csum:689a'] 0:00:00
14:36:48.327 ['tcp_csum:1c6d'] 0:00:00.001000
14:36:48.327 ['tcp_csum:c8ac'] 0:00:00
14:36:48.328 ['tcp_csum:dfbe'] 0:00:00.001000
14:36:48.328 ['tcp_csum:3c23'] 0:00:00
14:36:48.329 ['tcp_csum:3ae'] 0:00:00.001000
14:36:48.329 ['tcp_csum:c0c5'] 0:00:00
14:36:48.331 ['tcp_csum:8ec3'] 0:00:00.002000
14:36:48.331 ['tcp_csum:a65d'] 0:00:00
14:36:48.332 ['tcp_csum:aef1'] 0:00:00.001000
14:36:48.332 ['tcp_csum:63af'] 0:00:00
14:36:48.333 ['tcp_csum:5688'] 0:00:00.001000
14:36:48.333 ['tcp_csum:4a91'] 0:00:00
14:36:48.334 ['tcp_csum:1499'] 0:00:00.001000
14:36:48.334 ['tcp_csum:8019'] 0:00:00
14:36:48.335 ['tcp_csum:385a'] 0:00:00.001000
14:36:48.335 ['tcp_csum:2b3f'] 0:00:00
14:36:48.337 ['tcp_csum:101a'] 0:00:00.002000
14:36:48.337 ['tcp_csum:b397'] 0:00:00
14:36:48.338 ['tcp_csum:7a7c'] 0:00:00.001000
14:36:48.338 ['tcp_csum:ed9f'] 0:00:00
14:36:48.339 ['tcp_csum:21b0'] 0:00:00.001000
14:36:48.339 ['tcp_csum:9732'] 0:00:00
14:36:48.340 ['tcp_csum:f087'] 0:00:00.001000
14:36:48.340 ['tcp_csum:36fc'] 0:00:00
14:36:48.341 ['tcp_csum:3f80'] 0:00:00.001000
14:36:48.341 ['tcp_csum:ff64'] 0:00:00
14:36:48.343 ['tcp_csum:1a47'] 0:00:00.002000
14:36:48.343 ['tcp_csum:9f67'] 0:00:00
14:36:48.344 ['tcp_csum:f85c'] 0:00:00.001000
14:36:48.344 ['tcp_csum:5d87'] 0:00:00
14:36:48.345 ['tcp_csum:d559'] 0:00:00.001000
14:36:48.345 ['tcp_csum:f9b5'] 0:00:00
14:36:48.346 ['tcp_csum:f7ca'] 0:00:00.001000
14:36:48.346 ['tcp_csum:f717'] 0:00:00
14:36:48.347 ['tcp_csum:a276'] 0:00:00.001000
14:36:48.347 ['tcp_csum:564c'] 0:00:00
14:36:48.348 ['tcp_csum:289'] 0:00:00.001000
14:36:48.348 ['tcp_csum:199d'] 0:00:00
14:36:48.350 ['tcp_csum:75fe'] 0:00:00.002000
14:36:48.350 ['tcp_csum:3d8b'] 0:00:00
14:36:48.351 ['tcp_csum:faa0'] 0:00:00.001000
14:36:48.351 ['tcp_csum:c8a0'] 0:00:00
14:36:48.352 ['tcp_csum:e038'] 0:00:00.001000
14:36:48.352 ['tcp_csum:e8cf'] 0:00:00
14:36:48.354 ['tcp_csum:9d8b'] 0:00:00.002000
14:36:48.354 ['tcp_csum:9067'] 0:00:00
14:36:48.355 ['tcp_csum:846d'] 0:00:00.001000
14:36:48.355 ['tcp_csum:4e77'] 0:00:00
14:36:48.356 ['tcp_csum:b9f4'] 0:00:00.001000
14:36:48.356 ['tcp_csum:7237'] 0:00:00
14:36:48.357 ['tcp_csum:651a'] 0:00:00.001000
14:36:48.357 ['tcp_csum:49f7'] 0:00:00
14:36:48.358 ['tcp_csum:ed72'] 0:00:00.001000
14:36:48.358 ['tcp_csum:b45b'] 0:00:00
14:36:48.360 ['tcp_csum:277d'] 0:00:00.002000
14:36:48.360 ['tcp_csum:5b8f'] 0:00:00
14:36:48.361 ['tcp_csum:d10d'] 0:00:00.001000
14:36:48.361 ['tcp_csum:2a65'] 0:00:00
14:36:48.362 ['tcp_csum:70d7'] 0:00:00.001000
14:36:48.362 ['tcp_csum:795d'] 0:00:00
14:36:48.363 ['tcp_csum:3940'] 0:00:00.001000
14:36:48.363 ['tcp_csum:5424'] 0:00:00
14:36:48.364 ['tcp_csum:d942'] 0:00:00.001000
14:36:48.364 ['tcp_csum:323c'] 0:00:00
14:36:48.366 ['tcp_csum:976c'] 0:00:00.002000
14:36:48.366 ['tcp_csum:f41'] 0:00:00
14:36:48.367 ['tcp_csum:7f62'] 0:00:00.001000
14:36:48.367 ['tcp_csum:8a95'] 0:00:00
14:36:48.368 ['tcp_csum:25a'] 0:00:00.001000
14:36:48.368 ['tcp_csum:ba8e'] 0:00:00
14:36:48.369 ['tcp_csum:e33b'] 0:00:00.001000
14:36:48.369 ['tcp_csum:4849'] 0:00:00
14:36:48.370 ['tcp_csum:1db6'] 0:00:00.001000
14:36:48.370 ['tcp_csum:aaf3'] 0:00:00
14:36:48.372 ['tcp_csum:8f76'] 0:00:00.002000
14:36:48.372 ['tcp_csum:a5b1'] 0:00:00
14:36:48.373 ['tcp_csum:6c7f'] 0:00:00.001000
14:36:48.373 ['tcp_csum:bfba'] 0:00:00
14:36:48.374 ['tcp_csum:d46e'] 0:00:00.001000
14:36:48.374 ['tcp_csum:7139'] 0:00:00
14:36:48.375 ['tcp_csum:3dcc'] 0:00:00.001000
14:36:48.375 ['tcp_csum:499e'] 0:00:00
14:36:48.377 ['tcp_csum:d8fe'] 0:00:00.002000
14:36:48.377 ['tcp_csum:d715'] 0:00:00
14:36:48.378 ['tcp_csum:d65f'] 0:00:00.001000
14:36:48.378 ['tcp_csum:81c0'] 0:00:00
14:36:48.379 ['tcp_csum:3593'] 0:00:00.001000
14:36:48.379 ['tcp_csum:e1d2'] 0:00:00
14:36:48.380 ['tcp_csum:f8e4'] 0:00:00.001000
14:36:48.380 ['tcp_csum:5549'] 0:00:00
14:36:48.381 ['tcp_csum:1cd4'] 0:00:00.001000
14:36:48.381 ['tcp_csum:d9eb'] 0:00:00
14:36:48.383 ['tcp_csum:a7e9'] 0:00:00.002000
14:36:48.383 ['tcp_csum:bf83'] 0:00:00
14:36:48.384 ['tcp_csum:c816'] 0:00:00.001000
14:36:48.384 ['tcp_csum:7cd4'] 0:00:00
14:36:48.385 ['tcp_csum:6fae'] 0:00:00.001000
14:36:48.385 ['tcp_csum:63b7'] 0:00:00
14:36:48.386 ['tcp_csum:2dbf'] 0:00:00.001000
14:36:48.386 ['tcp_csum:993f'] 0:00:00
14:36:48.387 ['tcp_csum:5180'] 0:00:00.001000
14:36:48.387 ['tcp_csum:4465'] 0:00:00
14:36:48.389 ['tcp_csum:2940'] 0:00:00.002000
14:36:48.389 ['tcp_csum:ccbd'] 0:00:00
14:36:48.390 ['tcp_csum:93a2'] 0:00:00.001000
14:36:48.390 ['tcp_csum:6c6'] 0:00:00
14:36:48.391 ['tcp_csum:3ad6'] 0:00:00.001000
14:36:48.391 ['tcp_csum:b058'] 0:00:00
14:36:48.392 ['tcp_csum:9ae'] 0:00:00.001000
14:36:48.392 ['tcp_csum:5022'] 0:00:00
14:36:48.394 ['tcp_csum:58a6'] 0:00:00.002000
14:36:48.394 ['tcp_csum:188b'] 0:00:00
14:36:48.395 ['tcp_csum:336c'] 0:00:00.001000
14:36:48.395 ['tcp_csum:b88c'] 0:00:00
14:36:48.396 ['tcp_csum:1183'] 0:00:00.001000
14:36:48.396 ['tcp_csum:76b5'] 0:00:00
14:36:48.397 ['tcp_csum:ee87'] 0:00:00.001000
14:36:48.397 ['tcp_csum:5ead'] 0:00:00
14:36:48.398 ['tcp_csum:69de'] 0:00:00.001000
14:36:48.398 ['tcp_csum:e1a4'] 0:00:00
14:36:48.400 ['tcp_csum:99d7'] 0:00:00.002000
14:36:48.400 ['tcp_csum:c286'] 0:00:00
14:36:48.401 ['tcp_csum:2791'] 0:00:00.001000
14:36:48.401 ['tcp_csum:fcff'] 0:00:00
14:36:48.402 ['tcp_csum:8a3a'] 0:00:00.001000
14:36:48.402 ['tcp_csum:6ec0'] 0:00:00
14:36:48.403 ['tcp_csum:84f9'] 0:00:00.001000
14:36:48.403 ['tcp_csum:4bca'] 0:00:00
14:36:48.404 ['tcp_csum:9f03'] 0:00:00.001000
14:36:48.404 ['tcp_csum:b3b9'] 0:00:00
14:36:48.406 ['tcp_csum:5082'] 0:00:00.002000
14:36:48.406 ['tcp_csum:1d17'] 0:00:00
14:36:48.407 ['tcp_csum:28ed'] 0:00:00.001000
14:36:48.407 ['tcp_csum:e36f'] 0:00:00
14:36:48.408 ['tcp_csum:2c2f'] 0:00:00.001000
14:36:48.408 ['tcp_csum:3367'] 0:00:00
14:36:48.409 ['tcp_csum:2549'] 0:00:00.001000
14:36:48.409 ['tcp_csum:81de'] 0:00:00
14:36:48.410 ['tcp_csum:edaa'] 0:00:00.001000
14:36:48.410 ['tcp_csum:5a63'] 0:00:00
14:36:48.411 ['tcp_csum:c483'] 0:00:00.001000
14:36:48.411 ['tcp_csum:695b'] 0:00:00
14:36:48.413 ['tcp_csum:d38c'] 0:00:00.002000
14:36:48.413 ['tcp_csum:5ded'] 0:00:00
14:36:48.414 ['tcp_csum:b271'] 0:00:00.001000
14:36:48.414 ['tcp_csum:d3f1'] 0:00:00
14:36:48.415 ['tcp_csum:fa5d'] 0:00:00.001000
14:36:48.415 ['tcp_csum:349d'] 0:00:00
14:36:48.416 ['tcp_csum:7a2a'] 0:00:00.001000
14:36:48.416 ['tcp_csum:978c'] 0:00:00
14:36:48.418 ['tcp_csum:147c'] 0:00:00.002000
14:36:48.418 ['tcp_csum:a4d7'] 0:00:00
14:36:48.419 ['tcp_csum:ffcd'] 0:00:00.001000
14:36:48.419 ['tcp_csum:d425'] 0:00:00
14:36:48.420 ['tcp_csum:fa99'] 0:00:00.001000
14:36:48.420 ['tcp_csum:7e77'] 0:00:00
14:36:48.421 ['tcp_csum:5e8b'] 0:00:00.001000
14:36:48.421 ['tcp_csum:27e3'] 0:00:00
14:36:48.423 ['tcp_csum:ab6'] 0:00:00.002000
14:36:48.423 ['tcp_csum:2ad0'] 0:00:00
14:36:48.424 ['tcp_csum:1f6d'] 0:00:00.001000
14:36:48.424 ['tcp_csum:1d84'] 0:00:00
14:36:48.425 ['tcp_csum:1ccf'] 0:00:00.001000
14:36:48.425 ['tcp_csum:c82f'] 0:00:00
14:36:48.426 ['tcp_csum:7c03'] 0:00:00.001000
14:36:48.426 ['tcp_csum:2843'] 0:00:00
14:36:48.427 ['tcp_csum:3f55'] 0:00:00.001000
14:36:48.427 ['tcp_csum:9bb9'] 0:00:00
14:36:48.429 ['tcp_csum:6344'] 0:00:00.002000
14:36:48.429 ['tcp_csum:205c'] 0:00:00
14:36:48.430 ['tcp_csum:ee57'] 0:00:00.001000
14:36:48.430 ['tcp_csum:5f2'] 0:00:00
14:36:48.431 ['tcp_csum:e87'] 0:00:00.001000
14:36:48.431 ['tcp_csum:c344'] 0:00:00
14:36:48.432 ['tcp_csum:b61e'] 0:00:00.001000
14:36:48.432 ['tcp_csum:aa27'] 0:00:00
14:36:48.433 ['tcp_csum:742f'] 0:00:00.001000
14:36:48.433 ['tcp_csum:dfaf'] 0:00:00
14:36:48.435 ['tcp_csum:97f0'] 0:00:00.002000
14:36:48.435 ['tcp_csum:8ad5'] 0:00:00
14:36:48.436 ['tcp_csum:132c'] 0:00:00.001000
14:36:48.437 ['tcp_csum:da12'] 0:00:00.001000
14:36:48.437 ['tcp_csum:4d36'] 0:00:00
14:36:48.438 ['tcp_csum:8146'] 0:00:00.001000
14:36:48.438 ['tcp_csum:f6c8'] 0:00:00
14:36:48.439 ['tcp_csum:501e'] 0:00:00.001000
14:36:48.439 ['tcp_csum:9692'] 0:00:00
14:36:48.441 ['tcp_csum:9f15'] 0:00:00.002000
14:36:48.441 ['tcp_csum:5efa'] 0:00:00
14:36:48.442 ['tcp_csum:79db'] 0:00:00.001000
14:36:48.442 ['tcp_csum:fefb'] 0:00:00
14:36:48.443 ['tcp_csum:57f3'] 0:00:00.001000
14:36:48.443 ['tcp_csum:bd25'] 0:00:00
14:36:48.444 ['tcp_csum:34f8'] 0:00:00.001000
14:36:48.444 ['tcp_csum:a51d'] 0:00:00
14:36:48.446 ['tcp_csum:b04e'] 0:00:00.002000
14:36:48.446 ['tcp_csum:2815'] 0:00:00
14:36:48.447 ['tcp_csum:e045'] 0:00:00.001000
14:36:48.447 ['tcp_csum:8f5'] 0:00:00
14:36:48.448 ['tcp_csum:6e00'] 0:00:00.001000
14:36:48.448 ['tcp_csum:436f'] 0:00:00
14:36:48.449 ['tcp_csum:d0aa'] 0:00:00.001000
14:36:48.449 ['tcp_csum:b530'] 0:00:00
14:36:48.450 ['tcp_csum:cb69'] 0:00:00.001000
14:36:48.450 ['tcp_csum:923a'] 0:00:00
14:36:48.452 ['tcp_csum:e573'] 0:00:00.002000
14:36:48.452 ['tcp_csum:fa29'] 0:00:00
14:36:48.453 ['tcp_csum:96f0'] 0:00:00.001000
14:36:48.453 ['tcp_csum:6385'] 0:00:00
14:36:48.454 ['tcp_csum:6f5d'] 0:00:00.001000
14:36:48.454 ['tcp_csum:29e0'] 0:00:00
14:36:48.455 ['tcp_csum:729f'] 0:00:00.001000
14:36:48.455 ['tcp_csum:79d7'] 0:00:00
14:36:48.456 ['tcp_csum:6bb9'] 0:00:00.001000
14:36:48.456 ['tcp_csum:c84e'] 0:00:00
14:36:48.458 ['tcp_csum:341b'] 0:00:00.002000
14:36:48.458 ['tcp_csum:a0d3'] 0:00:00
14:36:48.459 ['tcp_csum:af2'] 0:00:00.001000
14:36:48.459 ['tcp_csum:afca'] 0:00:00
14:36:48.460 ['tcp_csum:19fd'] 0:00:00.001000
14:36:48.460 ['tcp_csum:a45d'] 0:00:00
14:36:48.461 ['tcp_csum:f8e1'] 0:00:00.001000
14:36:48.461 ['tcp_csum:1a62'] 0:00:00
14:36:48.462 ['tcp_csum:40ce'] 0:00:00.001000
14:36:48.462 ['tcp_csum:7b0d'] 0:00:00
14:36:48.464 ['tcp_csum:c099'] 0:00:00.002000
14:36:48.464 ['tcp_csum:ddfb'] 0:00:00
14:36:48.465 ['tcp_csum:5aeb'] 0:00:00.001000
14:36:48.465 ['tcp_csum:eb46'] 0:00:00
14:36:48.466 ['tcp_csum:463e'] 0:00:00.001000
14:36:48.466 ['tcp_csum:1a96'] 0:00:00
14:36:48.467 ['tcp_csum:410a'] 0:00:00.001000
14:36:48.467 ['tcp_csum:c4e7'] 0:00:00
14:36:48.469 ['tcp_csum:a4fb'] 0:00:00.002000
14:36:48.469 ['tcp_csum:6e53'] 0:00:00
14:36:48.470 ['tcp_csum:512c'] 0:00:00.001000
14:36:48.470 ['tcp_csum:7146'] 0:00:00
14:36:48.471 ['tcp_csum:801f'] 0:00:00.001000
14:36:48.471 ['tcp_csum:e283'] 0:00:00
14:36:48.472 ['tcp_csum:7e9f'] 0:00:00.001000
14:36:48.472 ['tcp_csum:583'] 0:00:00
14:36:48.473 ['tcp_csum:928d'] 0:00:00.001000
14:36:48.473 ['tcp_csum:70b9'] 0:00:00
14:36:48.475 ['tcp_csum:416d'] 0:00:00.002000
14:36:48.475 ['tcp_csum:e8e5'] 0:00:00
14:36:48.476 ['tcp_csum:6564'] 0:00:00.001000
14:36:48.476 ['tcp_csum:d7ae'] 0:00:00
14:36:48.477 ['tcp_csum:bc9'] 0:00:00.001000
14:36:48.477 ['tcp_csum:57cc'] 0:00:00
14:36:48.478 ['tcp_csum:6fbe'] 0:00:00.001000
14:36:48.478 ['tcp_csum:f558'] 0:00:00
14:36:48.479 ['tcp_csum:7a'] 0:00:00.001000
14:36:48.479 ['tcp_csum:30fc'] 0:00:00
14:36:48.481 ['tcp_csum:c50c'] 0:00:00.002000
14:36:48.481 ['tcp_csum:8666'] 0:00:00
14:36:48.482 ['tcp_csum:54de'] 0:00:00.001000
14:36:48.482 ['tcp_csum:e658'] 0:00:00
14:36:48.483 ['tcp_csum:643a'] 0:00:00.001000
14:36:48.483 ['tcp_csum:9a52'] 0:00:00
14:36:48.484 ['tcp_csum:c9cf'] 0:00:00.001000
14:36:48.484 ['tcp_csum:7350'] 0:00:00
14:36:48.486 ['tcp_csum:329'] 0:00:00.002000
14:36:48.486 ['tcp_csum:8a49'] 0:00:00
14:36:48.486 ['tcp_csum:c325'] 0:00:00
14:36:48.486 ['tcp_csum:29f1'] 0:00:00
14:36:48.488 ['tcp_csum:34b6'] 0:00:00.002000
14:36:48.488 ['tcp_csum:8253'] 0:00:00
14:36:48.489 ['tcp_csum:381'] 0:00:00.001000
14:36:48.489 ['tcp_csum:70fe'] 0:00:00
14:36:48.490 ['tcp_csum:a065'] 0:00:00.001000
14:36:48.490 ['tcp_csum:bee6'] 0:00:00
14:36:48.492 ['tcp_csum:5909'] 0:00:00.002000
14:36:48.492 ['tcp_csum:801b'] 0:00:00
14:36:48.493 ['tcp_csum:2202'] 0:00:00.001000
14:36:48.493 ['tcp_csum:d41b'] 0:00:00
14:36:48.494 ['tcp_csum:7fdb'] 0:00:00.001000
14:36:48.494 ['tcp_csum:8916'] 0:00:00
14:36:48.495 ['tcp_csum:872b'] 0:00:00.001000
14:36:48.495 ['tcp_csum:8678'] 0:00:00
14:36:48.496 ['tcp_csum:31d7'] 0:00:00.001000
14:36:48.496 ['tcp_csum:e5ac'] 0:00:00
14:36:48.498 ['tcp_csum:91ea'] 0:00:00.002000
14:36:48.498 ['tcp_csum:a8fe'] 0:00:00
14:36:48.499 ['tcp_csum:55f'] 0:00:00.001000
14:36:48.499 ['tcp_csum:cceb'] 0:00:00
14:36:48.500 ['tcp_csum:8a01'] 0:00:00.001000
14:36:48.500 ['tcp_csum:5801'] 0:00:00
14:36:48.501 ['tcp_csum:6f99'] 0:00:00.001000
14:36:48.501 ['tcp_csum:7830'] 0:00:00
14:36:48.502 ['tcp_csum:2cec'] 0:00:00.001000
14:36:48.502 ['tcp_csum:1fc8'] 0:00:00
14:36:48.503 ['tcp_csum:13ce'] 0:00:00.001000
14:36:48.503 ['tcp_csum:ddd7'] 0:00:00
14:36:48.505 ['tcp_csum:4955'] 0:00:00.002000
14:36:48.505 ['tcp_csum:198'] 0:00:00
14:36:48.506 ['tcp_csum:f47a'] 0:00:00.001000
14:36:48.506 ['tcp_csum:d957'] 0:00:00
14:36:48.507 ['tcp_csum:7cd3'] 0:00:00.001000
14:36:48.507 ['tcp_csum:43bc'] 0:00:00
14:36:48.509 ['tcp_csum:b6dd'] 0:00:00.002000
14:36:48.509 ['tcp_csum:eaef'] 0:00:00
14:36:48.510 ['tcp_csum:606e'] 0:00:00.001000
14:36:48.510 ['tcp_csum:b9c5'] 0:00:00
14:36:48.511 ['tcp_csum:38'] 0:00:00.001000
14:36:48.511 ['tcp_csum:8be'] 0:00:00
14:36:48.512 ['tcp_csum:e384'] 0:00:00.001000
14:36:48.513 ['tcp_csum:68a3'] 0:00:00.001000
14:36:48.513 ['tcp_csum:c19c'] 0:00:00
14:36:48.515 ['tcp_csum:26cd'] 0:00:00.002000
14:36:48.515 ['tcp_csum:9ea1'] 0:00:00
14:36:48.516 ['tcp_csum:ec3'] 0:00:00.001000
14:36:48.516 ['tcp_csum:19f6'] 0:00:00
14:36:48.517 ['tcp_csum:91ba'] 0:00:00.001000
14:36:48.517 ['tcp_csum:49ef'] 0:00:00
14:36:48.518 ['tcp_csum:729c'] 0:00:00.001000
14:36:48.518 ['tcp_csum:d7a9'] 0:00:00
14:36:48.519 ['tcp_csum:ad16'] 0:00:00.001000
14:36:48.519 ['tcp_csum:3a54'] 0:00:00
14:36:48.521 ['tcp_csum:1ed8'] 0:00:00.002000
14:36:48.521 ['tcp_csum:3513'] 0:00:00
14:36:48.522 ['tcp_csum:fbdf'] 0:00:00.001000
14:36:48.522 ['tcp_csum:4f1b'] 0:00:00
14:36:48.523 ['tcp_csum:63cf'] 0:00:00.001000
14:36:48.523 ['tcp_csum:9a'] 0:00:00
14:36:48.524 ['tcp_csum:cd2c'] 0:00:00.001000
14:36:48.524 ['tcp_csum:d906'] 0:00:00
14:36:48.526 ['tcp_csum:9387'] 0:00:00.002000
14:36:48.526 ['tcp_csum:dc48'] 0:00:00
14:36:48.527 ['tcp_csum:e37d'] 0:00:00.001000
14:36:48.527 ['tcp_csum:d561'] 0:00:00
14:36:48.528 ['tcp_csum:31f4'] 0:00:00.001000
14:36:48.528 ['tcp_csum:9dc2'] 0:00:00
14:36:48.529 ['tcp_csum:a79'] 0:00:00.001000
14:36:48.529 ['tcp_csum:749b'] 0:00:00
14:36:48.530 ['tcp_csum:1972'] 0:00:00.001000
14:36:48.530 ['tcp_csum:83a6'] 0:00:00
14:36:48.532 ['tcp_csum:e05'] 0:00:00.002000
14:36:48.532 ['tcp_csum:628b'] 0:00:00
14:36:48.533 ['tcp_csum:8407'] 0:00:00.001000
14:36:48.533 ['tcp_csum:aa75'] 0:00:00
14:36:48.534 ['tcp_csum:e4b2'] 0:00:00.001000
14:36:48.534 ['tcp_csum:2a42'] 0:00:00
14:36:48.535 ['tcp_csum:47a2'] 0:00:00.001000
14:36:48.535 ['tcp_csum:c494'] 0:00:00
14:36:48.536 ['tcp_csum:54ee'] 0:00:00.001000
14:36:48.536 ['tcp_csum:afe7'] 0:00:00
14:36:48.538 ['tcp_csum:843d'] 0:00:00.002000
14:36:48.538 ['tcp_csum:aab3'] 0:00:00
14:36:48.539 ['tcp_csum:2e8d'] 0:00:00.001000
14:36:48.539 ['tcp_csum:ea3'] 0:00:00
14:36:48.540 ['tcp_csum:d7f8'] 0:00:00.001000
14:36:48.540 ['tcp_csum:bad5'] 0:00:00
14:36:48.541 ['tcp_csum:daed'] 0:00:00.001000
14:36:48.541 ['tcp_csum:e9c8'] 0:00:00
14:36:48.542 ['tcp_csum:4c2b'] 0:00:00.001000
14:36:48.542 ['tcp_csum:e848'] 0:00:00
14:36:48.544 ['tcp_csum:6f2a'] 0:00:00.002000
14:36:48.544 ['tcp_csum:fc35'] 0:00:00
14:36:48.545 ['tcp_csum:da5e'] 0:00:00.001000
14:36:48.545 ['tcp_csum:ab14'] 0:00:00
14:36:48.546 ['tcp_csum:528b'] 0:00:00.001000
14:36:48.546 ['tcp_csum:cf0d'] 0:00:00
14:36:48.547 ['tcp_csum:4156'] 0:00:00.001000
14:36:48.547 ['tcp_csum:7572'] 0:00:00
14:36:48.548 ['tcp_csum:c173'] 0:00:00.001000
14:36:48.549 ['tcp_csum:9681'] 0:00:00.001000
14:36:48.552 ['tcp_csum:a3ca'] 0:00:00.003000
14:36:48.555 ['tcp_csum:d317'] 0:00:00.003000
14:36:48.557 ['tcp_csum:7d65'] 0:00:00.002000
14:36:48.559 ['tcp_csum:26cf'] 0:00:00.002000
14:36:48.562 ['tcp_csum:29b8'] 0:00:00.003000
14:36:48.564 ['tcp_csum:1c6c'] 0:00:00.002000
14:36:48.567 ['tcp_csum:c714'] 0:00:00.003000
14:36:48.569 ['tcp_csum:2725'] 0:00:00.002000
14:36:48.572 ['tcp_csum:9a99'] 0:00:00.003000
14:36:48.574 ['tcp_csum:1f38'] 0:00:00.002000
14:36:48.576 ['tcp_csum:4ce'] 0:00:00.002000
14:36:48.579 ['tcp_csum:c21c'] 0:00:00.003000
14:36:48.581 ['tcp_csum:a8fd'] 0:00:00.002000
14:36:48.584 ['tcp_csum:de83'] 0:00:00.003000
14:36:48.586 ['tcp_csum:89a5'] 0:00:00.002000
14:36:48.588 ['tcp_csum:11fc'] 0:00:00.002000
14:36:48.591 ['tcp_csum:4c02'] 0:00:00.003000
14:36:48.593 ['tcp_csum:f592'] 0:00:00.002000
14:36:48.595 ['tcp_csum:9558'] 0:00:00.002000
14:36:48.598 ['tcp_csum:5dbf'] 0:00:00.003000
14:36:48.600 ['tcp_csum:fdbf'] 0:00:00.002000
14:36:48.603 ['tcp_csum:bbe5'] 0:00:00.003000
14:36:48.605 ['tcp_csum:a3db'] 0:00:00.002000
14:36:48.610 ['tcp_csum:7af'] 0:00:00.005000
14:36:48.612 ['tcp_csum:4226'] 0:00:00.002000
14:36:48.615 ['tcp_csum:b3e4'] 0:00:00.003000
14:36:48.617 ['tcp_csum:90ec'] 0:00:00.002000
14:36:48.620 ['tcp_csum:f8d7'] 0:00:00.003000
14:36:48.622 ['tcp_csum:6233'] 0:00:00.002000
14:36:48.624 ['tcp_csum:288a'] 0:00:00.002000
14:36:48.627 ['tcp_csum:787f'] 0:00:00.003000
14:36:48.629 ['tcp_csum:c6f4'] 0:00:00.002000
14:36:48.632 ['tcp_csum:9f75'] 0:00:00.003000
14:36:48.634 ['tcp_csum:ae6c'] 0:00:00.002000
14:36:48.637 ['tcp_csum:a2fb'] 0:00:00.003000
14:36:48.638 ['tcp_csum:1900'] 0:00:00.001000
14:36:48.638 ['tcp_csum:79ad'] 0:00:00
14:36:48.639 ['tcp_csum:dc9c'] 0:00:00.001000
14:36:48.639 ['tcp_csum:e9ea'] 0:00:00
14:36:48.640 ['tcp_csum:193a'] 0:00:00.001000
14:36:48.640 ['tcp_csum:c38d'] 0:00:00
14:36:48.641 ['tcp_csum:6cf7'] 0:00:00.001000
14:36:48.641 ['tcp_csum:6fee'] 0:00:00
14:36:48.643 ['tcp_csum:e12b'] 0:00:00.002000
14:36:48.643 ['tcp_csum:42d'] 0:00:00
14:36:48.644 ['tcp_csum:6f63'] 0:00:00.001000
14:36:48.644 ['tcp_csum:e791'] 0:00:00
14:36:48.645 ['tcp_csum:d65c'] 0:00:00.001000
14:36:48.645 ['tcp_csum:567c'] 0:00:00
14:36:48.647 ['tcp_csum:f408'] 0:00:00.002000
14:36:48.647 ['tcp_csum:2fae'] 0:00:00
14:36:48.648 ['tcp_csum:8516'] 0:00:00.001000
14:36:48.648 ['tcp_csum:e50c'] 0:00:00
14:36:48.649 ['tcp_csum:9906'] 0:00:00.001000
14:36:48.649 ['tcp_csum:7206'] 0:00:00
14:36:48.650 ['tcp_csum:88ff'] 0:00:00.001000
14:36:48.650 ['tcp_csum:28aa'] 0:00:00
14:36:48.651 ['tcp_csum:810d'] 0:00:00.001000
14:36:48.651 ['tcp_csum:6fba'] 0:00:00
14:36:48.653 ['tcp_csum:bda2'] 0:00:00.002000
14:36:48.653 ['tcp_csum:7ed9'] 0:00:00
14:36:48.654 ['tcp_csum:d2d9'] 0:00:00.001000
14:36:48.654 ['tcp_csum:87d6'] 0:00:00
14:36:48.655 ['tcp_csum:8538'] 0:00:00.001000
14:36:48.655 ['tcp_csum:e46e'] 0:00:00
14:36:48.656 ['tcp_csum:a7c0'] 0:00:00.001000
14:36:48.656 ['tcp_csum:cbb1'] 0:00:00
14:36:48.657 ['tcp_csum:56c7'] 0:00:00.001000
14:36:48.657 ['tcp_csum:76f8'] 0:00:00
14:36:48.658 ['tcp_csum:1e8e'] 0:00:00.001000
14:36:48.658 ['tcp_csum:dca0'] 0:00:00
14:36:48.660 ['tcp_csum:62'] 0:00:00.002000
14:36:48.660 ['tcp_csum:d823'] 0:00:00
14:36:48.661 ['tcp_csum:4288'] 0:00:00.001000
14:36:48.661 ['tcp_csum:e9bd'] 0:00:00
14:36:48.662 ['tcp_csum:b895'] 0:00:00.001000
14:36:48.662 ['tcp_csum:790'] 0:00:00
14:36:48.663 ['tcp_csum:e256'] 0:00:00.001000
14:36:48.664 ['tcp_csum:c070'] 0:00:00.001000
14:36:48.665 ['tcp_csum:9d73'] 0:00:00.001000
14:36:48.665 ['tcp_csum:18cc'] 0:00:00
14:36:48.666 ['tcp_csum:48c5'] 0:00:00.001000
14:36:48.666 ['tcp_csum:d681'] 0:00:00
14:36:48.667 ['tcp_csum:392c'] 0:00:00.001000
14:36:48.667 ['tcp_csum:33ed'] 0:00:00
14:36:48.668 ['tcp_csum:4df7'] 0:00:00.001000
14:36:48.668 ['tcp_csum:ff77'] 0:00:00
14:36:48.670 ['tcp_csum:d7e4'] 0:00:00.002000
14:36:48.670 ['tcp_csum:db28'] 0:00:00
14:36:48.671 ['tcp_csum:d440'] 0:00:00.001000
14:36:48.671 ['tcp_csum:9ca4'] 0:00:00
14:36:48.672 ['tcp_csum:737d'] 0:00:00.001000
14:36:48.672 ['tcp_csum:828a'] 0:00:00
14:36:48.673 ['tcp_csum:616f'] 0:00:00.001000
14:36:48.673 ['tcp_csum:a95d'] 0:00:00
14:36:48.674 ['tcp_csum:292a'] 0:00:00.001000
14:36:48.674 ['tcp_csum:c37e'] 0:00:00
14:36:48.676 ['tcp_csum:aed1'] 0:00:00.002000
14:36:48.676 ['tcp_csum:a99f'] 0:00:00
14:36:48.677 ['tcp_csum:d8f'] 0:00:00.001000
14:36:48.677 ['tcp_csum:b9c3'] 0:00:00
14:36:48.678 ['tcp_csum:e8b6'] 0:00:00.001000
14:36:48.678 ['tcp_csum:e738'] 0:00:00
14:36:48.679 ['tcp_csum:fb26'] 0:00:00.001000
14:36:48.679 ['tcp_csum:aa08'] 0:00:00
14:36:48.680 ['tcp_csum:ce01'] 0:00:00.001000
14:36:48.681 ['tcp_csum:d85c'] 0:00:00.001000
14:36:48.683 ['tcp_csum:5df4'] 0:00:00.002000
14:36:48.684 ['tcp_csum:6915'] 0:00:00.001000
14:36:48.685 ['tcp_csum:9995'] 0:00:00.001000
14:36:48.687 ['tcp_csum:2da6'] 0:00:00.002000
14:36:48.688 ['tcp_csum:eefb'] 0:00:00.001000
14:36:48.689 ['tcp_csum:bd75'] 0:00:00.001000
14:36:48.690 ['tcp_csum:4eee'] 0:00:00.001000
14:36:48.691 ['tcp_csum:cccf'] 0:00:00.001000
14:36:48.693 ['tcp_csum:2e6'] 0:00:00.002000
14:36:48.694 ['tcp_csum:3261'] 0:00:00.001000
14:36:48.695 ['tcp_csum:dbdf'] 0:00:00.001000
14:36:48.696 ['tcp_csum:6bb8'] 0:00:00.001000
14:36:48.697 ['tcp_csum:f2d6'] 0:00:00.001000
14:36:48.699 ['tcp_csum:2bb3'] 0:00:00.002000
14:36:48.700 ['tcp_csum:927b'] 0:00:00.001000
14:36:48.701 ['tcp_csum:9d41'] 0:00:00.001000
14:36:48.702 ['tcp_csum:eadc'] 0:00:00.001000
14:36:48.703 ['tcp_csum:6c0a'] 0:00:00.001000
14:36:48.704 ['tcp_csum:d983'] 0:00:00.001000
14:36:48.706 ['tcp_csum:8eb'] 0:00:00.002000
14:36:48.707 ['tcp_csum:276a'] 0:00:00.001000
14:36:48.708 ['tcp_csum:c18c'] 0:00:00.001000
14:36:48.710 ['tcp_csum:e89c'] 0:00:00.002000
14:36:48.711 ['tcp_csum:8a83'] 0:00:00.001000
14:36:48.712 ['tcp_csum:3c9b'] 0:00:00.001000
14:36:48.713 ['tcp_csum:e862'] 0:00:00.001000
14:36:48.714 ['tcp_csum:f91a'] 0:00:00.001000
14:36:48.715 ['tcp_csum:fec1'] 0:00:00.001000
14:36:48.717 ['tcp_csum:ae24'] 0:00:00.002000
14:36:48.718 ['tcp_csum:ea49'] 0:00:00.001000
14:36:48.719 ['tcp_csum:884'] 0:00:00.001000
14:36:48.720 ['tcp_csum:3913'] 0:00:00.001000
14:36:48.721 ['tcp_csum:4c43'] 0:00:00.001000
14:36:48.723 ['tcp_csum:c50e'] 0:00:00.002000
14:36:48.724 ['tcp_csum:572'] 0:00:00.001000
14:36:48.725 ['tcp_csum:2c3f'] 0:00:00.001000
14:36:48.726 ['tcp_csum:6465'] 0:00:00.001000
14:36:48.728 ['tcp_csum:6c69'] 0:00:00.002000
14:36:48.729 ['tcp_csum:94f1'] 0:00:00.001000
14:36:48.730 ['tcp_csum:b40d'] 0:00:00.001000
14:36:48.731 ['tcp_csum:14c0'] 0:00:00.001000
14:36:48.732 ['tcp_csum:b7cc'] 0:00:00.001000
14:36:48.734 ['tcp_csum:1023'] 0:00:00.002000
14:36:48.735 ['tcp_csum:d447'] 0:00:00.001000
14:36:48.736 ['tcp_csum:1fa6'] 0:00:00.001000
14:36:48.737 ['tcp_csum:85d6'] 0:00:00.001000
14:36:48.739 ['tcp_csum:62a3'] 0:00:00.002000
14:36:48.740 ['tcp_csum:559d'] 0:00:00.001000
14:36:48.741 ['tcp_csum:44b1'] 0:00:00.001000
14:36:48.742 ['tcp_csum:243e'] 0:00:00.001000
14:36:48.743 ['tcp_csum:b365'] 0:00:00.001000
14:36:48.744 ['tcp_csum:c06d'] 0:00:00.001000
14:36:48.746 ['tcp_csum:3845'] 0:00:00.002000
14:36:48.747 ['tcp_csum:4459'] 0:00:00.001000
14:36:48.748 ['tcp_csum:7106'] 0:00:00.001000
14:36:48.749 ['tcp_csum:f068'] 0:00:00.001000
14:36:48.750 ['tcp_csum:e10e'] 0:00:00.001000
14:36:48.752 ['tcp_csum:b5a'] 0:00:00.002000
14:36:48.753 ['tcp_csum:c53c'] 0:00:00.001000
14:36:48.754 ['tcp_csum:759b'] 0:00:00.001000
14:36:48.756 ['tcp_csum:14f1'] 0:00:00.002000
14:36:48.757 ['tcp_csum:413e'] 0:00:00.001000
14:36:48.758 ['tcp_csum:a693'] 0:00:00.001000
14:36:48.760 ['tcp_csum:e594'] 0:00:00.002000
14:36:48.761 ['tcp_csum:b858'] 0:00:00.001000
14:36:48.763 ['tcp_csum:5034'] 0:00:00.002000
14:36:48.764 ['tcp_csum:7927'] 0:00:00.001000
14:36:48.765 ['tcp_csum:bf0'] 0:00:00.001000
14:36:48.766 ['tcp_csum:f6'] 0:00:00.001000
14:36:48.767 ['tcp_csum:7e31'] 0:00:00.001000
14:36:48.769 ['tcp_csum:de12'] 0:00:00.002000
14:36:48.770 ['tcp_csum:145e'] 0:00:00.001000
14:36:48.771 ['tcp_csum:7061'] 0:00:00.001000
14:36:48.772 ['tcp_csum:3d21'] 0:00:00.001000
14:36:48.774 ['tcp_csum:34'] 0:00:00.002000
14:36:48.775 ['tcp_csum:4921'] 0:00:00.001000
14:36:48.776 ['tcp_csum:5c2c'] 0:00:00.001000
14:36:48.777 ['tcp_csum:5aa'] 0:00:00.001000
14:36:48.778 ['tcp_csum:a332'] 0:00:00.001000
14:36:48.780 ['tcp_csum:2d1e'] 0:00:00.002000
14:36:48.781 ['tcp_csum:2c53'] 0:00:00.001000
14:36:48.782 ['tcp_csum:e1a5'] 0:00:00.001000
14:36:48.783 ['tcp_csum:aea0'] 0:00:00.001000
14:36:48.784 ['tcp_csum:acb4'] 0:00:00.001000
14:36:48.786 ['tcp_csum:abfe'] 0:00:00.002000
14:36:48.787 ['tcp_csum:575d'] 0:00:00.001000
14:36:48.788 ['tcp_csum:b31'] 0:00:00.001000
14:36:48.789 ['tcp_csum:b76e'] 0:00:00.001000
14:36:48.791 ['tcp_csum:ce7e'] 0:00:00.002000
14:36:48.792 ['tcp_csum:2ae1'] 0:00:00.001000
14:36:48.793 ['tcp_csum:f26b'] 0:00:00.001000
14:36:48.794 ['tcp_csum:af81'] 0:00:00.001000
14:36:48.795 ['tcp_csum:7d7f'] 0:00:00.001000
14:36:48.797 ['tcp_csum:9515'] 0:00:00.002000
14:36:48.798 ['tcp_csum:9daa'] 0:00:00.001000
14:36:48.799 ['tcp_csum:5266'] 0:00:00.001000
14:36:48.800 ['tcp_csum:4540'] 0:00:00.001000
14:36:48.802 ['tcp_csum:3947'] 0:00:00.002000
14:36:48.803 ['tcp_csum:34d'] 0:00:00.001000
14:36:48.804 ['tcp_csum:6ecb'] 0:00:00.001000
14:36:48.805 ['tcp_csum:270c'] 0:00:00.001000
14:36:48.806 ['tcp_csum:19ef'] 0:00:00.001000
14:36:48.807 ['tcp_csum:fec8'] 0:00:00.001000
14:36:48.809 ['tcp_csum:a243'] 0:00:00.002000
14:36:48.810 ['tcp_csum:692a'] 0:00:00.001000
14:36:48.811 ['tcp_csum:dc4b'] 0:00:00.001000
14:36:48.812 ['tcp_csum:7360'] 0:00:00.001000
14:36:48.812 ['tcp_csum:105c'] 0:00:00
14:36:48.813 ['tcp_csum:85da'] 0:00:00.001000
14:36:48.815 ['tcp_csum:df2f'] 0:00:00.002000
14:36:48.816 ['tcp_csum:25a2'] 0:00:00.001000
14:36:48.817 ['tcp_csum:2e26'] 0:00:00.001000
14:36:48.818 ['tcp_csum:ee08'] 0:00:00.001000
14:36:48.820 ['tcp_csum:8e9'] 0:00:00.002000
14:36:48.821 ['tcp_csum:8e07'] 0:00:00.001000
14:36:48.822 ['tcp_csum:e6fe'] 0:00:00.001000
14:36:48.823 ['tcp_csum:4c2f'] 0:00:00.001000
14:36:48.824 ['tcp_csum:c401'] 0:00:00.001000
14:36:48.826 ['tcp_csum:3423'] 0:00:00.002000
14:36:48.827 ['tcp_csum:3f54'] 0:00:00.001000
14:36:48.828 ['tcp_csum:b718'] 0:00:00.001000
14:36:48.829 ['tcp_csum:6f4b'] 0:00:00.001000
14:36:48.830 ['tcp_csum:97f7'] 0:00:00.001000
14:36:48.832 ['tcp_csum:fd01'] 0:00:00.002000
14:36:48.833 ['tcp_csum:d26e'] 0:00:00.001000
14:36:48.834 ['tcp_csum:5faa'] 0:00:00.001000
14:36:48.835 ['tcp_csum:442e'] 0:00:00.001000
14:36:48.836 ['tcp_csum:5a65'] 0:00:00.001000
14:36:48.838 ['tcp_csum:2134'] 0:00:00.002000
14:36:48.839 ['tcp_csum:746d'] 0:00:00.001000
14:36:48.840 ['tcp_csum:8921'] 0:00:00.001000
14:36:48.842 ['tcp_csum:25ea'] 0:00:00.002000
14:36:48.843 ['tcp_csum:f27a'] 0:00:00.001000
14:36:48.844 ['tcp_csum:fe52'] 0:00:00.001000
14:36:48.845 ['tcp_csum:b8d3'] 0:00:00.001000
14:36:48.846 ['tcp_csum:193'] 0:00:00.001000
14:36:48.847 ['tcp_csum:8c9'] 0:00:00.001000
14:36:48.849 ['tcp_csum:faa8'] 0:00:00.002000
14:36:48.850 ['tcp_csum:573c'] 0:00:00.001000
14:36:48.851 ['tcp_csum:c308'] 0:00:00.001000
14:36:48.852 ['tcp_csum:2fbf'] 0:00:00.001000
14:36:48.853 ['tcp_csum:99de'] 0:00:00.001000
14:36:48.855 ['tcp_csum:3eb4'] 0:00:00.002000
14:36:48.856 ['tcp_csum:a8e6'] 0:00:00.001000
14:36:48.857 ['tcp_csum:3345'] 0:00:00.001000
14:36:48.859 ['tcp_csum:87c9'] 0:00:00.002000
14:36:48.860 ['tcp_csum:a945'] 0:00:00.001000
14:36:48.861 ['tcp_csum:cfb1'] 0:00:00.001000
14:36:48.862 ['tcp_csum:9ef'] 0:00:00.001000
14:36:48.863 ['tcp_csum:4f7c'] 0:00:00.001000
14:36:48.864 ['tcp_csum:6cdc'] 0:00:00.001000
14:36:48.866 ['tcp_csum:e9ca'] 0:00:00.002000
14:36:48.867 ['tcp_csum:7a24'] 0:00:00.001000
14:36:48.868 ['tcp_csum:d51b'] 0:00:00.001000
14:36:48.869 ['tcp_csum:a971'] 0:00:00.001000
14:36:48.871 ['tcp_csum:cfe4'] 0:00:00.002000
14:36:48.872 ['tcp_csum:53bf'] 0:00:00.001000
14:36:48.873 ['tcp_csum:33d3'] 0:00:00.001000
14:36:48.874 ['tcp_csum:fd28'] 0:00:00.001000
14:36:48.875 ['tcp_csum:e003'] 0:00:00.001000
14:36:48.876 ['tcp_csum:1a'] 0:00:00.001000
14:36:48.878 ['tcp_csum:ef3'] 0:00:00.002000
14:36:48.879 ['tcp_csum:7155'] 0:00:00.001000
14:36:48.880 ['tcp_csum:d71'] 0:00:00.001000
14:36:48.882 ['tcp_csum:9452'] 0:00:00.002000
14:36:48.883 ['tcp_csum:215b'] 0:00:00.001000
14:36:48.884 ['tcp_csum:ff84'] 0:00:00.001000
14:36:48.885 ['tcp_csum:d038'] 0:00:00.001000
14:36:48.886 ['tcp_csum:77af'] 0:00:00.001000
14:36:48.888 ['tcp_csum:f42f'] 0:00:00.002000
14:36:48.889 ['tcp_csum:6676'] 0:00:00.001000
14:36:48.890 ['tcp_csum:9a90'] 0:00:00.001000
14:36:48.891 ['tcp_csum:e691'] 0:00:00.001000
14:36:48.892 ['tcp_csum:fe83'] 0:00:00.001000
14:36:48.893 ['tcp_csum:841b'] 0:00:00.001000
14:36:48.895 ['tcp_csum:8f3b'] 0:00:00.002000
14:36:48.896 ['tcp_csum:bfbb'] 0:00:00.001000
14:36:48.897 ['tcp_csum:53cc'] 0:00:00.001000
14:36:48.898 ['tcp_csum:1524'] 0:00:00.001000
14:36:48.899 ['tcp_csum:e39b'] 0:00:00.001000
14:36:48.901 ['tcp_csum:7514'] 0:00:00.002000
14:36:48.902 ['tcp_csum:f2f5'] 0:00:00.001000
14:36:48.903 ['tcp_csum:290c'] 0:00:00.001000
14:36:48.905 ['tcp_csum:5889'] 0:00:00.002000
14:36:48.906 ['tcp_csum:206'] 0:00:00.001000
14:36:48.907 ['tcp_csum:91de'] 0:00:00.001000
14:36:48.908 ['tcp_csum:18fd'] 0:00:00.001000
14:36:48.909 ['tcp_csum:51da'] 0:00:00.001000
14:36:48.911 ['tcp_csum:b8a3'] 0:00:00.002000
14:36:48.912 ['tcp_csum:c367'] 0:00:00.001000
14:36:48.913 ['tcp_csum:1103'] 0:00:00.001000
14:36:48.914 ['tcp_csum:9230'] 0:00:00.001000
14:36:48.915 ['tcp_csum:ffab'] 0:00:00.001000
14:36:48.917 ['tcp_csum:2f12'] 0:00:00.002000
14:36:48.918 ['tcp_csum:4d90'] 0:00:00.001000
14:36:48.919 ['tcp_csum:e7b2'] 0:00:00.001000
14:36:48.922 ['tcp_csum:b0ab'] 0:00:00.003000
14:36:48.923 ['tcp_csum:62b9'] 0:00:00.001000
14:36:48.924 ['tcp_csum:1d64'] 0:00:00.001000
14:36:48.925 ['tcp_csum:1b79'] 0:00:00.001000
14:36:48.926 ['tcp_csum:1ac4'] 0:00:00.001000
14:36:48.927 ['tcp_csum:c621'] 0:00:00.001000
14:36:48.929 ['tcp_csum:79f4'] 0:00:00.002000
14:36:48.930 ['tcp_csum:2632'] 0:00:00.001000
14:36:48.931 ['tcp_csum:3d44'] 0:00:00.001000
14:36:48.932 ['tcp_csum:99a6'] 0:00:00.001000
14:36:48.934 ['tcp_csum:6130'] 0:00:00.002000
14:36:48.935 ['tcp_csum:1e45'] 0:00:00.001000
14:36:48.936 ['tcp_csum:ec42'] 0:00:00.001000
14:36:48.937 ['tcp_csum:3db'] 0:00:00.001000
14:36:48.939 ['tcp_csum:c70'] 0:00:00.002000
14:36:48.940 ['tcp_csum:c129'] 0:00:00.001000
14:36:48.941 ['tcp_csum:b403'] 0:00:00.001000
14:36:48.942 ['tcp_csum:a80a'] 0:00:00.001000
14:36:48.943 ['tcp_csum:7212'] 0:00:00.001000
14:36:48.943 ['tcp_csum:dd92'] 0:00:00
14:36:48.944 ['tcp_csum:95d3'] 0:00:00.001000
14:36:48.946 ['tcp_csum:88b4'] 0:00:00.002000
14:36:48.947 ['tcp_csum:6d8f'] 0:00:00.001000
14:36:48.948 ['tcp_csum:110b'] 0:00:00.001000
14:36:48.949 ['tcp_csum:d7f1'] 0:00:00.001000
14:36:48.950 ['tcp_csum:4b13'] 0:00:00.001000
14:36:48.952 ['tcp_csum:7f21'] 0:00:00.002000
14:36:48.953 ['tcp_csum:f4a1'] 0:00:00.001000
14:36:48.955 ['tcp_csum:9469'] 0:00:00.002000
14:36:48.956 ['tcp_csum:9cec'] 0:00:00.001000
14:36:48.958 ['tcp_csum:5cce'] 0:00:00.002000
14:36:48.959 ['tcp_csum:77b0'] 0:00:00.001000
14:36:48.960 ['tcp_csum:fcce'] 0:00:00.001000
14:36:48.962 ['tcp_csum:55c6'] 0:00:00.002000
14:36:48.963 ['tcp_csum:baf4'] 0:00:00.001000
14:36:48.964 ['tcp_csum:32c7'] 0:00:00.001000
14:36:48.965 ['tcp_csum:a2ea'] 0:00:00.001000
14:36:48.966 ['tcp_csum:ae1b'] 0:00:00.001000
14:36:48.967 ['tcp_csum:25e0'] 0:00:00.001000
14:36:48.969 ['tcp_csum:de10'] 0:00:00.002000
14:36:48.970 ['tcp_csum:6be'] 0:00:00.001000
14:36:48.971 ['tcp_csum:6bc9'] 0:00:00.001000
14:36:48.972 ['tcp_csum:4136'] 0:00:00.001000
14:36:48.973 ['tcp_csum:ce71'] 0:00:00.001000
14:36:48.975 ['tcp_csum:b2f3'] 0:00:00.002000
14:36:48.976 ['tcp_csum:c92c'] 0:00:00.001000
14:36:48.978 ['tcp_csum:8ffb'] 0:00:00.002000
14:36:48.979 ['tcp_csum:e334'] 0:00:00.001000
14:36:48.980 ['tcp_csum:f7e7'] 0:00:00.001000
14:36:48.981 ['tcp_csum:94af'] 0:00:00.001000
14:36:48.982 ['tcp_csum:6142'] 0:00:00.001000
14:36:48.983 ['tcp_csum:6d1a'] 0:00:00.001000
14:36:48.984 ['tcp_csum:279b'] 0:00:00.001000
14:36:48.986 ['tcp_csum:7058'] 0:00:00.002000
14:36:48.986 ['tcp_csum:778e'] 0:00:00
14:36:48.988 ['tcp_csum:6970'] 0:00:00.002000
14:36:48.989 ['tcp_csum:c603'] 0:00:00.001000
14:36:48.990 ['tcp_csum:31d0'] 0:00:00.001000
14:36:48.992 ['tcp_csum:9e84'] 0:00:00.002000
14:36:48.993 ['tcp_csum:8a5'] 0:00:00.001000
14:36:48.994 ['tcp_csum:ad7b'] 0:00:00.001000
14:36:48.995 ['tcp_csum:17ae'] 0:00:00.001000
14:36:48.998 ['tcp_csum:a208'] 0:00:00.003000
14:36:48.998 ['tcp_csum:f68e'] 0:00:00
14:36:49.000 ['tcp_csum:180b'] 0:00:00.002000
14:36:49.000 ['tcp_csum:3e79'] 0:00:00
14:36:49.003 ['tcp_csum:78b3'] 0:00:00.003000
14:36:49.003 ['tcp_csum:be42'] 0:00:00
14:36:49.005 ['tcp_csum:db9f'] 0:00:00.002000
14:36:49.005 ['tcp_csum:5892'] 0:00:00
14:36:49.007 ['tcp_csum:e8e9'] 0:00:00.002000
14:36:49.007 ['tcp_csum:43e3'] 0:00:00
14:36:49.010 ['tcp_csum:1835'] 0:00:00.003000
14:36:49.010 ['tcp_csum:3eab'] 0:00:00
14:36:49.012 ['tcp_csum:c284'] 0:00:00.002000
14:36:49.012 ['tcp_csum:a29a'] 0:00:00
14:36:49.015 ['tcp_csum:6bec'] 0:00:00.003000
14:36:49.015 ['tcp_csum:4ec9'] 0:00:00
14:36:49.017 ['tcp_csum:6edf'] 0:00:00.002000
14:36:49.017 ['tcp_csum:7dba'] 0:00:00
14:36:49.019 ['tcp_csum:e019'] 0:00:00.002000
14:36:49.019 ['tcp_csum:7c37'] 0:00:00
14:36:49.022 ['tcp_csum:316'] 0:00:00.003000
14:36:49.022 ['tcp_csum:9022'] 0:00:00
14:36:49.024 ['tcp_csum:6e4a'] 0:00:00.002000
14:36:49.024 ['tcp_csum:3f00'] 0:00:00
14:36:49.027 ['tcp_csum:e672'] 0:00:00.003000
14:36:49.027 ['tcp_csum:62f5'] 0:00:00
14:36:49.029 ['tcp_csum:d53b'] 0:00:00.002000
14:36:49.029 ['tcp_csum:958'] 0:00:00
14:36:49.034 ['tcp_csum:5555'] 0:00:00.005000
14:36:49.034 ['tcp_csum:6d49'] 0:00:00
14:36:49.034 ['tcp_csum:f2df'] 0:00:00
14:36:49.034 ['tcp_csum:fe02'] 0:00:00
14:36:49.036 ['tcp_csum:2e81'] 0:00:00.002000
14:36:49.036 ['tcp_csum:c292'] 0:00:00
14:36:49.039 ['tcp_csum:83e7'] 0:00:00.003000
14:36:49.039 ['tcp_csum:5263'] 0:00:00
14:36:49.041 ['tcp_csum:e3d9'] 0:00:00.002000
14:36:49.041 ['tcp_csum:61bd'] 0:00:00
14:36:49.044 ['tcp_csum:97cf'] 0:00:00.003000
14:36:49.044 ['tcp_csum:c74e'] 0:00:00
14:36:49.046 ['tcp_csum:70cb'] 0:00:00.002000
14:36:49.046 ['tcp_csum:a6'] 0:00:00
14:36:49.049 ['tcp_csum:87c0'] 0:00:00.003000
14:36:49.049 ['tcp_csum:c09f'] 0:00:00
14:36:49.051 ['tcp_csum:2767'] 0:00:00.002000
14:36:49.051 ['tcp_csum:322f'] 0:00:00
14:36:49.053 ['tcp_csum:7fc8'] 0:00:00.002000
14:36:49.053 ['tcp_csum:f8'] 0:00:00
14:36:49.056 ['tcp_csum:6e6f'] 0:00:00.003000
14:36:49.056 ['tcp_csum:9dd8'] 0:00:00
14:36:49.058 ['tcp_csum:bc55'] 0:00:00.002000
14:36:49.058 ['tcp_csum:567a'] 0:00:00
14:36:49.061 ['tcp_csum:7d86'] 0:00:00.003000
14:36:49.061 ['tcp_csum:1f71'] 0:00:00
14:36:49.063 ['tcp_csum:d17e'] 0:00:00.002000
14:36:49.063 ['tcp_csum:8c2b'] 0:00:00
14:36:49.065 ['tcp_csum:8a3d'] 0:00:00.002000
14:36:49.065 ['tcp_csum:898a'] 0:00:00
14:36:49.068 ['tcp_csum:34e6'] 0:00:00.003000
14:36:49.068 ['tcp_csum:e8bb'] 0:00:00
14:36:49.070 ['tcp_csum:94f7'] 0:00:00.002000
14:36:49.070 ['tcp_csum:ac0b'] 0:00:00
14:36:49.073 ['tcp_csum:86a'] 0:00:00.003000
14:36:49.073 ['tcp_csum:cff6'] 0:00:00
14:36:49.075 ['tcp_csum:8d0a'] 0:00:00.002000
14:36:49.075 ['tcp_csum:5b0a'] 0:00:00
14:36:49.076 ['tcp_csum:72a2'] 0:00:00.001000
14:36:49.078 ['tcp_csum:dc84'] 0:00:00.002000
14:36:49.080 ['tcp_csum:7b31'] 0:00:00.002000
14:36:49.082 ['tcp_csum:2fea'] 0:00:00.002000
14:36:49.085 ['tcp_csum:22c1'] 0:00:00.003000
14:36:49.087 ['tcp_csum:16c6'] 0:00:00.002000
14:36:49.090 ['tcp_csum:e0c9'] 0:00:00.003000
14:36:49.092 ['tcp_csum:4c46'] 0:00:00.002000
14:36:49.095 ['tcp_csum:483'] 0:00:00.003000
14:36:49.097 ['tcp_csum:f763'] 0:00:00.002000
14:36:49.099 ['tcp_csum:dc3c'] 0:00:00.002000
14:36:49.102 ['tcp_csum:7fb4'] 0:00:00.003000
14:36:49.104 ['tcp_csum:4699'] 0:00:00.002000
14:36:49.107 ['tcp_csum:b9b6'] 0:00:00.003000
14:36:49.109 ['tcp_csum:edc4'] 0:00:00.002000
14:36:49.111 ['tcp_csum:6342'] 0:00:00.002000
14:36:49.114 ['tcp_csum:bc94'] 0:00:00.003000
14:36:49.116 ['tcp_csum:305'] 0:00:00.002000
14:36:49.119 ['tcp_csum:b85'] 0:00:00.003000
14:36:49.121 ['tcp_csum:cb65'] 0:00:00.002000
14:36:49.124 ['tcp_csum:e643'] 0:00:00.003000
14:36:49.126 ['tcp_csum:6b60'] 0:00:00.002000
14:36:49.128 ['tcp_csum:c454'] 0:00:00.002000
14:36:49.131 ['tcp_csum:2982'] 0:00:00.003000
14:36:49.133 ['tcp_csum:a152'] 0:00:00.002000
14:36:49.136 ['tcp_csum:1172'] 0:00:00.003000
14:36:49.138 ['tcp_csum:1ca1'] 0:00:00.002000
14:36:49.141 ['tcp_csum:9461'] 0:00:00.003000
14:36:49.143 ['tcp_csum:4c92'] 0:00:00.002000
14:36:49.145 ['tcp_csum:753d'] 0:00:00.002000
14:36:49.148 ['tcp_csum:da44'] 0:00:00.003000
14:36:49.150 ['tcp_csum:afaf'] 0:00:00.002000
14:36:49.153 ['tcp_csum:3ce7'] 0:00:00.003000
14:36:49.155 ['tcp_csum:2169'] 0:00:00.002000
14:36:49.157 ['tcp_csum:379e'] 0:00:00.002000
14:36:49.160 ['tcp_csum:fe6a'] 0:00:00.003000
14:36:49.162 ['tcp_csum:51a2'] 0:00:00.002000
14:36:49.165 ['tcp_csum:6652'] 0:00:00.003000
14:36:49.169 ['tcp_csum:319'] 0:00:00.004000
14:36:49.170 ['tcp_csum:cfa7'] 0:00:00.001000
14:36:49.172 ['tcp_csum:db7d'] 0:00:00.002000
14:36:49.174 ['tcp_csum:95fb'] 0:00:00.002000
14:36:49.177 ['tcp_csum:deb7'] 0:00:00.003000
14:36:49.179 ['tcp_csum:e5eb'] 0:00:00.002000
14:36:49.182 ['tcp_csum:d7c9'] 0:00:00.003000
14:36:49.184 ['tcp_csum:345b'] 0:00:00.002000
14:36:49.187 ['tcp_csum:a023'] 0:00:00.003000
14:36:49.189 ['tcp_csum:cd8'] 0:00:00.002000
14:36:49.191 ['tcp_csum:76f5'] 0:00:00.002000
14:36:49.194 ['tcp_csum:1bc9'] 0:00:00.003000
14:36:49.196 ['tcp_csum:85f9'] 0:00:00.002000
14:36:49.199 ['tcp_csum:1054'] 0:00:00.003000
14:36:49.201 ['tcp_csum:64d6'] 0:00:00.002000
14:36:49.204 ['tcp_csum:8650'] 0:00:00.003000
14:36:49.207 ['tcp_csum:acb8'] 0:00:00.003000
14:36:49.208 ['tcp_csum:e6f4'] 0:00:00.001000
14:36:49.210 ['tcp_csum:2c81'] 0:00:00.002000
14:36:49.210 ['tcp_csum:49e3'] 0:00:00
